移动央视1,#genre#
CCTV-1综合,http://ottrrs.hl.chinamobile.com/PLTV/88888888/224/3221226016/1.m3u8
CCTV-1综合,http://ottrrs.hl.chinamobile.com/PLTV/88888888/224/3221226559/1.m3u8
CCTV-1综合,http://ottrrs.hl.chinamobile.com/PLTV/88888888/224/3221226514/1.m3u8
CCTV-2财经,http://ottrrs.hl.chinamobile.com/PLTV/88888888/224/3221225588/1.m3u8
CCTV-3综艺,http://ottrrs.hl.chinamobile.com/PLTV/88888888/224/3221226021/1.m3u8
CCTV-4中文国际,http://ottrrs.hl.chinamobile.com/PLTV/88888888/224/3221226428/1.m3u8
CCTV-4中文国际,http://ottrrs.hl.chinamobile.com/PLTV/88888888/224/3221226007/1.m3u8
CCTV-5体育,http://ottrrs.hl.chinamobile.com/PLTV/88888888/224/3221226019/1.m3u8
CCTV-5+体育赛事,http://ottrrs.hl.chinamobile.com/PLTV/88888888/224/3221225603/1.m3u8
CCTV-6电影,http://ottrrs.hl.chinamobile.com/PLTV/88888888/224/3221226010/1.m3u8
CCTV-7国防军事,http://ottrrs.hl.chinamobile.com/PLTV/88888888/224/3221225733/1.m3u8
CCTV-8电视剧,http://ottrrs.hl.chinamobile.com/PLTV/88888888/224/3221226008/1.m3u8
CCTV-9纪录,http://ottrrs.hl.chinamobile.com/PLTV/88888888/224/3221225734/1.m3u8
CCTV-10科教,http://ottrrs.hl.chinamobile.com/PLTV/88888888/224/3221225730/1.m3u8
CCTV-10科教,http://ottrrs.hl.chinamobile.com/PLTV/88888888/224/3221226473/1.m3u8
CCTV-11戏曲,http://ottrrs.hl.chinamobile.com/PLTV/88888888/224/3221226565/1.m3u8
CCTV-11戏曲,http://ottrrs.hl.chinamobile.com/PLTV/88888888/224/3221225597/1.m3u8
CCTV-12社会与法,http://ottrrs.hl.chinamobile.com/PLTV/88888888/224/3221225731/1.m3u8
CCTV-12社会与法,http://ottrrs.hl.chinamobile.com/PLTV/88888888/224/3221226568/1.m3u8
CCTV-13新闻,http://ottrrs.hl.chinamobile.com/PLTV/88888888/224/3221226537/1.m3u8
CCTV-13新闻,http://ottrrs.hl.chinamobile.com/PLTV/88888888/224/3221226571/1.m3u8
CCTV-13新闻,http://ottrrs.hl.chinamobile.com/PLTV/88888888/224/3221226011/1.m3u8
CCTV-14少儿,http://ottrrs.hl.chinamobile.com/PLTV/88888888/224/3221225732/1.m3u8
CCTV-14少儿,http://ottrrs.hl.chinamobile.com/PLTV/88888888/224/3221226591/1.m3u8
CCTV-15音乐,http://ottrrs.hl.chinamobile.com/PLTV/88888888/224/3221226476/1.m3u8
CCTV-15音乐,http://ottrrs.hl.chinamobile.com/PLTV/88888888/224/3221225601/1.m3u8
CCTV-16奥林匹克,http://ottrrs.hl.chinamobile.com/PLTV/88888888/224/3221226100/1.m3u8
CCTV-17农业农村,http://ottrrs.hl.chinamobile.com/PLTV/88888888/224/3221225765/1.m3u8
CETV-1,http://ottrrs.hl.chinamobile.com/PLTV/88888888/224/3221225652/1.m3u8
CETV-2,http://ottrrs.hl.chinamobile.com/PLTV/88888888/224/3221226425/1.m3u8
CETV-4,http://ottrrs.hl.chinamobile.com/PLTV/88888888/224/3221225783/1.m3u8
CGTN,http://ottrrs.hl.chinamobile.com/PLTV/88888888/224/3221225604/1.m3u8
CGTN-纪录,http://ottrrs.hl.chinamobile.com/PLTV/88888888/224/3221225602/1.m3u8

移动央视2,#genre#
CCTV-1综合,http://ottrrs.hl.chinamobile.com/PLTV/88888890/224/3221226016/1.m3u8
CCTV-1综合,http://ottrrs.hl.chinamobile.com/PLTV/88888890/224/3221226559/1.m3u8
CCTV-1综合,http://ottrrs.hl.chinamobile.com/PLTV/88888890/224/3221226514/1.m3u8
CCTV-2财经,http://ottrrs.hl.chinamobile.com/PLTV/88888890/224/3221225588/1.m3u8
CCTV-3综艺,http://ottrrs.hl.chinamobile.com/PLTV/88888890/224/3221226021/1.m3u8
CCTV-4中文国际,http://ottrrs.hl.chinamobile.com/PLTV/88888890/224/3221226428/1.m3u8
CCTV-4中文国际,http://ottrrs.hl.chinamobile.com/PLTV/88888890/224/3221226007/1.m3u8
CCTV-5体育,http://ottrrs.hl.chinamobile.com/PLTV/88888890/224/3221226019/1.m3u8
CCTV-5+体育赛事,http://ottrrs.hl.chinamobile.com/PLTV/88888890/224/3221225603/1.m3u8
CCTV-6电影,http://ottrrs.hl.chinamobile.com/PLTV/88888890/224/3221226010/1.m3u8
CCTV-7国防军事,http://ottrrs.hl.chinamobile.com/PLTV/88888890/224/3221225733/1.m3u8
CCTV-8电视剧,http://ottrrs.hl.chinamobile.com/PLTV/88888890/224/3221226008/1.m3u8
CCTV-9纪录,http://ottrrs.hl.chinamobile.com/PLTV/88888890/224/3221225734/1.m3u8
CCTV-10科教,http://ottrrs.hl.chinamobile.com/PLTV/88888890/224/3221225730/1.m3u8
CCTV-10科教,http://ottrrs.hl.chinamobile.com/PLTV/88888890/224/3221226473/1.m3u8
CCTV-11戏曲,http://ottrrs.hl.chinamobile.com/PLTV/88888890/224/3221226565/1.m3u8
CCTV-11戏曲,http://ottrrs.hl.chinamobile.com/PLTV/88888890/224/3221225597/1.m3u8
CCTV-12社会与法,http://ottrrs.hl.chinamobile.com/PLTV/88888890/224/3221225731/1.m3u8
CCTV-12社会与法,http://ottrrs.hl.chinamobile.com/PLTV/88888890/224/3221226568/1.m3u8
CCTV-13新闻,http://ottrrs.hl.chinamobile.com/PLTV/88888890/224/3221226537/1.m3u8
CCTV-13新闻,http://ottrrs.hl.chinamobile.com/PLTV/88888890/224/3221226571/1.m3u8
CCTV-13新闻,http://ottrrs.hl.chinamobile.com/PLTV/88888890/224/3221226011/1.m3u8
CCTV-14少儿,http://ottrrs.hl.chinamobile.com/PLTV/88888890/224/3221225732/1.m3u8
CCTV-14少儿,http://ottrrs.hl.chinamobile.com/PLTV/88888890/224/3221226591/1.m3u8
CCTV-15音乐,http://ottrrs.hl.chinamobile.com/PLTV/88888890/224/3221226476/1.m3u8
CCTV-15音乐,http://ottrrs.hl.chinamobile.com/PLTV/88888890/224/3221225601/1.m3u8
CCTV-16奥林匹克,http://ottrrs.hl.chinamobile.com/PLTV/88888890/224/3221226100/1.m3u8
CCTV-17农业农村,http://ottrrs.hl.chinamobile.com/PLTV/88888890/224/3221225765/1.m3u8
CETV-1,http://ottrrs.hl.chinamobile.com/PLTV/88888890/224/3221225652/1.m3u8
CETV-2,http://ottrrs.hl.chinamobile.com/PLTV/88888890/224/3221226425/1.m3u8
CETV-4,http://ottrrs.hl.chinamobile.com/PLTV/88888890/224/3221225783/1.m3u8
CGTN,http://ottrrs.hl.chinamobile.com/PLTV/88888890/224/3221225604/1.m3u8
CGTN-纪录,http://ottrrs.hl.chinamobile.com/PLTV/88888890/224/3221225602/1.m3u8

移动央视3,#genre#
CCTV-1综合,http://ottrrs.hl.chinamobile.com/PLTV/88888893/224/3221226016/1.m3u8
CCTV-1综合,http://ottrrs.hl.chinamobile.com/PLTV/88888893/224/3221226559/1.m3u8
CCTV-1综合,http://ottrrs.hl.chinamobile.com/PLTV/88888893/224/3221226514/1.m3u8
CCTV-2财经,http://ottrrs.hl.chinamobile.com/PLTV/88888893/224/3221225588/1.m3u8
CCTV-3综艺,http://ottrrs.hl.chinamobile.com/PLTV/88888893/224/3221226021/1.m3u8
CCTV-4中文国际,http://ottrrs.hl.chinamobile.com/PLTV/88888893/224/3221226428/1.m3u8
CCTV-4中文国际,http://ottrrs.hl.chinamobile.com/PLTV/88888893/224/3221226007/1.m3u8
CCTV-5体育,http://ottrrs.hl.chinamobile.com/PLTV/88888893/224/3221226019/1.m3u8
CCTV-5+体育赛事,http://ottrrs.hl.chinamobile.com/PLTV/88888893/224/3221225603/1.m3u8
CCTV-6电影,http://ottrrs.hl.chinamobile.com/PLTV/88888893/224/3221226010/1.m3u8
CCTV-7国防军事,http://ottrrs.hl.chinamobile.com/PLTV/88888893/224/3221225733/1.m3u8
CCTV-8电视剧,http://ottrrs.hl.chinamobile.com/PLTV/88888893/224/3221226008/1.m3u8
CCTV-9纪录,http://ottrrs.hl.chinamobile.com/PLTV/88888893/224/3221225734/1.m3u8
CCTV-10科教,http://ottrrs.hl.chinamobile.com/PLTV/88888893/224/3221225730/1.m3u8
CCTV-10科教,http://ottrrs.hl.chinamobile.com/PLTV/88888893/224/3221226473/1.m3u8
CCTV-11戏曲,http://ottrrs.hl.chinamobile.com/PLTV/88888893/224/3221226565/1.m3u8
CCTV-11戏曲,http://ottrrs.hl.chinamobile.com/PLTV/88888893/224/3221225597/1.m3u8
CCTV-12社会与法,http://ottrrs.hl.chinamobile.com/PLTV/88888893/224/3221225731/1.m3u8
CCTV-12社会与法,http://ottrrs.hl.chinamobile.com/PLTV/88888893/224/3221226568/1.m3u8
CCTV-13新闻,http://ottrrs.hl.chinamobile.com/PLTV/88888893/224/3221226537/1.m3u8
CCTV-13新闻,http://ottrrs.hl.chinamobile.com/PLTV/88888893/224/3221226571/1.m3u8
CCTV-13新闻,http://ottrrs.hl.chinamobile.com/PLTV/88888893/224/3221226011/1.m3u8
CCTV-14少儿,http://ottrrs.hl.chinamobile.com/PLTV/88888893/224/3221225732/1.m3u8
CCTV-14少儿,http://ottrrs.hl.chinamobile.com/PLTV/88888893/224/3221226591/1.m3u8
CCTV-15音乐,http://ottrrs.hl.chinamobile.com/PLTV/88888893/224/3221226476/1.m3u8
CCTV-15音乐,http://ottrrs.hl.chinamobile.com/PLTV/88888893/224/3221225601/1.m3u8
CCTV-16奥林匹克,http://ottrrs.hl.chinamobile.com/PLTV/88888893/224/3221226100/1.m3u8
CCTV-17农业农村,http://ottrrs.hl.chinamobile.com/PLTV/88888893/224/3221225765/1.m3u8
CETV-1,http://ottrrs.hl.chinamobile.com/PLTV/88888893/224/3221225652/1.m3u8
CETV-2,http://ottrrs.hl.chinamobile.com/PLTV/88888893/224/3221226425/1.m3u8
CETV-4,http://ottrrs.hl.chinamobile.com/PLTV/88888893/224/3221225783/1.m3u8
CGTN,http://ottrrs.hl.chinamobile.com/PLTV/88888893/224/3221225604/1.m3u8
CGTN-纪录,http://ottrrs.hl.chinamobile.com/PLTV/88888893/224/3221225602/1.m3u8

移动央视4,#genre#
CCTV-1综合,http://ottrrs.hl.chinamobile.com/TVOD/88888888/224/3221226016/1.m3u8
CCTV-1综合,http://ottrrs.hl.chinamobile.com/TVOD/88888888/224/3221226514/1.m3u8
CCTV-1综合,http://ottrrs.hl.chinamobile.com/TVOD/88888888/224/3221226559/1.m3u8
CCTV-2财经,http://ottrrs.hl.chinamobile.com/TVOD/88888888/224/3221225588/1.m3u8
CCTV-3综艺,http://ottrrs.hl.chinamobile.com/TVOD/88888888/224/3221226021/1.m3u8
CCTV-4中文国际,http://ottrrs.hl.chinamobile.com/TVOD/88888888/224/3221226007/1.m3u8
CCTV-4中文国际,http://ottrrs.hl.chinamobile.com/TVOD/88888888/224/3221226428/1.m3u8
CCTV-5体育,http://ottrrs.hl.chinamobile.com/TVOD/88888888/224/3221226019/1.m3u8
CCTV-5+体育赛事,http://ottrrs.hl.chinamobile.com/TVOD/88888888/224/3221225603/1.m3u8
CCTV-6电影,http://ottrrs.hl.chinamobile.com/TVOD/88888888/224/3221226010/1.m3u8
CCTV-7国防军事,http://ottrrs.hl.chinamobile.com/TVOD/88888888/224/3221225733/1.m3u8
CCTV-8电视剧,http://ottrrs.hl.chinamobile.com/TVOD/88888888/224/3221226008/1.m3u8
CCTV-9纪录,http://ottrrs.hl.chinamobile.com/TVOD/88888888/224/3221225734/1.m3u8
CCTV-10科教,http://ottrrs.hl.chinamobile.com/TVOD/88888888/224/3221225730/1.m3u8
CCTV-10科教,http://ottrrs.hl.chinamobile.com/TVOD/88888888/224/3221226473/1.m3u8
CCTV-11戏曲,http://ottrrs.hl.chinamobile.com/TVOD/88888888/224/3221225597/1.m3u8
CCTV-11戏曲,http://ottrrs.hl.chinamobile.com/TVOD/88888888/224/3221226565/1.m3u8
CCTV-12社会与法,http://ottrrs.hl.chinamobile.com/TVOD/88888888/224/3221225731/1.m3u8
CCTV-12社会与法,http://ottrrs.hl.chinamobile.com/TVOD/88888888/224/3221226568/1.m3u8
CCTV-13新闻,http://ottrrs.hl.chinamobile.com/TVOD/88888888/224/3221226011/1.m3u8
CCTV-13新闻,http://ottrrs.hl.chinamobile.com/TVOD/88888888/224/3221226537/1.m3u8
CCTV-13新闻,http://ottrrs.hl.chinamobile.com/TVOD/88888888/224/3221226571/1.m3u8
CCTV-14少儿,http://ottrrs.hl.chinamobile.com/TVOD/88888888/224/3221225732/1.m3u8
CCTV-14少儿,http://ottrrs.hl.chinamobile.com/TVOD/88888888/224/3221226591/1.m3u8
CCTV-15音乐,http://ottrrs.hl.chinamobile.com/TVOD/88888888/224/3221225601/1.m3u8
CCTV-15音乐,http://ottrrs.hl.chinamobile.com/TVOD/88888888/224/3221226476/1.m3u8
CCTV-16奥林匹克,http://ottrrs.hl.chinamobile.com/TVOD/88888888/224/3221226100/1.m3u8
CCTV-17农业农村,http://ottrrs.hl.chinamobile.com/TVOD/88888888/224/3221225765/1.m3u8
CETV-1,http://ottrrs.hl.chinamobile.com/TVOD/88888888/224/3221225652/1.m3u8
CETV-2,http://ottrrs.hl.chinamobile.com/TVOD/88888888/224/3221226425/1.m3u8
CETV-4,http://ottrrs.hl.chinamobile.com/TVOD/88888888/224/3221225783/1.m3u8
CGTN,http://ottrrs.hl.chinamobile.com/TVOD/88888888/224/3221225604/1.m3u8
CGTN-纪录,http://ottrrs.hl.chinamobile.com/TVOD/88888888/224/3221225602/1.m3u8

移动央视5,#genre#
CCTV-1综合,http://ottrrs.hl.chinamobile.com/TVOD/88888890/224/3221226016/1.m3u8
CCTV-1综合,http://ottrrs.hl.chinamobile.com/TVOD/88888890/224/3221226514/1.m3u8
CCTV-1综合,http://ottrrs.hl.chinamobile.com/TVOD/88888890/224/3221226559/1.m3u8
CCTV-2财经,http://ottrrs.hl.chinamobile.com/TVOD/88888890/224/3221225588/1.m3u8
CCTV-3综艺,http://ottrrs.hl.chinamobile.com/TVOD/88888890/224/3221226021/1.m3u8
CCTV-4中文国际,http://ottrrs.hl.chinamobile.com/TVOD/88888890/224/3221226007/1.m3u8
CCTV-4中文国际,http://ottrrs.hl.chinamobile.com/TVOD/88888890/224/3221226428/1.m3u8
CCTV-5体育,http://ottrrs.hl.chinamobile.com/TVOD/88888890/224/3221226019/1.m3u8
CCTV-5+体育赛事,http://ottrrs.hl.chinamobile.com/TVOD/88888890/224/3221225603/1.m3u8
CCTV-6电影,http://ottrrs.hl.chinamobile.com/TVOD/88888890/224/3221226010/1.m3u8
CCTV-7国防军事,http://ottrrs.hl.chinamobile.com/TVOD/88888890/224/3221225733/1.m3u8
CCTV-8电视剧,http://ottrrs.hl.chinamobile.com/TVOD/88888890/224/3221226008/1.m3u8
CCTV-9纪录,http://ottrrs.hl.chinamobile.com/TVOD/88888890/224/3221225734/1.m3u8
CCTV-10科教,http://ottrrs.hl.chinamobile.com/TVOD/88888890/224/3221225730/1.m3u8
CCTV-10科教,http://ottrrs.hl.chinamobile.com/TVOD/88888890/224/3221226473/1.m3u8
CCTV-11戏曲,http://ottrrs.hl.chinamobile.com/TVOD/88888890/224/3221225597/1.m3u8
CCTV-11戏曲,http://ottrrs.hl.chinamobile.com/TVOD/88888890/224/3221226565/1.m3u8
CCTV-12社会与法,http://ottrrs.hl.chinamobile.com/TVOD/88888890/224/3221225731/1.m3u8
CCTV-12社会与法,http://ottrrs.hl.chinamobile.com/TVOD/88888890/224/3221226568/1.m3u8
CCTV-13新闻,http://ottrrs.hl.chinamobile.com/TVOD/88888890/224/3221226011/1.m3u8
CCTV-13新闻,http://ottrrs.hl.chinamobile.com/TVOD/88888890/224/3221226537/1.m3u8
CCTV-13新闻,http://ottrrs.hl.chinamobile.com/TVOD/88888890/224/3221226571/1.m3u8
CCTV-14少儿,http://ottrrs.hl.chinamobile.com/TVOD/88888890/224/3221225732/1.m3u8
CCTV-14少儿,http://ottrrs.hl.chinamobile.com/TVOD/88888890/224/3221226591/1.m3u8
CCTV-15音乐,http://ottrrs.hl.chinamobile.com/TVOD/88888890/224/3221225601/1.m3u8
CCTV-15音乐,http://ottrrs.hl.chinamobile.com/TVOD/88888890/224/3221226476/1.m3u8
CCTV-16奥林匹克,http://ottrrs.hl.chinamobile.com/TVOD/88888890/224/3221226100/1.m3u8
CCTV-17农业农村,http://ottrrs.hl.chinamobile.com/TVOD/88888890/224/3221225765/1.m3u8
CETV-1,http://ottrrs.hl.chinamobile.com/TVOD/88888890/224/3221225652/1.m3u8
CETV-2,http://ottrrs.hl.chinamobile.com/TVOD/88888890/224/3221226425/1.m3u8
CETV-4,http://ottrrs.hl.chinamobile.com/TVOD/88888890/224/3221225783/1.m3u8
CGTN,http://ottrrs.hl.chinamobile.com/TVOD/88888890/224/3221225604/1.m3u8
CGTN-纪录,http://ottrrs.hl.chinamobile.com/TVOD/88888890/224/3221225602/1.m3u8

移动央视6,#genre#
CCTV-1综合,http://ottrrs.hl.chinamobile.com/TVOD/88888893/224/3221226016/1.m3u8
CCTV-1综合,http://ottrrs.hl.chinamobile.com/TVOD/88888893/224/3221226514/1.m3u8
CCTV-1综合,http://ottrrs.hl.chinamobile.com/TVOD/88888893/224/3221226559/1.m3u8
CCTV-2财经,http://ottrrs.hl.chinamobile.com/TVOD/88888893/224/3221225588/1.m3u8
CCTV-3综艺,http://ottrrs.hl.chinamobile.com/TVOD/88888893/224/3221226021/1.m3u8
CCTV-4中文国际,http://ottrrs.hl.chinamobile.com/TVOD/88888893/224/3221226007/1.m3u8
CCTV-4中文国际,http://ottrrs.hl.chinamobile.com/TVOD/88888893/224/3221226428/1.m3u8
CCTV-5体育,http://ottrrs.hl.chinamobile.com/TVOD/88888893/224/3221226019/1.m3u8
CCTV-5+体育赛事,http://ottrrs.hl.chinamobile.com/TVOD/88888893/224/3221225603/1.m3u8
CCTV-6电影,http://ottrrs.hl.chinamobile.com/TVOD/88888893/224/3221226010/1.m3u8
CCTV-7国防军事,http://ottrrs.hl.chinamobile.com/TVOD/88888893/224/3221225733/1.m3u8
CCTV-8电视剧,http://ottrrs.hl.chinamobile.com/TVOD/88888893/224/3221226008/1.m3u8
CCTV-9纪录,http://ottrrs.hl.chinamobile.com/TVOD/88888893/224/3221225734/1.m3u8
CCTV-10科教,http://ottrrs.hl.chinamobile.com/TVOD/88888893/224/3221225730/1.m3u8
CCTV-10科教,http://ottrrs.hl.chinamobile.com/TVOD/88888893/224/3221226473/1.m3u8
CCTV-11戏曲,http://ottrrs.hl.chinamobile.com/TVOD/88888893/224/3221225597/1.m3u8
CCTV-11戏曲,http://ottrrs.hl.chinamobile.com/TVOD/88888893/224/3221226565/1.m3u8
CCTV-12社会与法,http://ottrrs.hl.chinamobile.com/TVOD/88888893/224/3221225731/1.m3u8
CCTV-12社会与法,http://ottrrs.hl.chinamobile.com/TVOD/88888893/224/3221226568/1.m3u8
CCTV-13新闻,http://ottrrs.hl.chinamobile.com/TVOD/88888893/224/3221226011/1.m3u8
CCTV-13新闻,http://ottrrs.hl.chinamobile.com/TVOD/88888893/224/3221226537/1.m3u8
CCTV-13新闻,http://ottrrs.hl.chinamobile.com/TVOD/88888893/224/3221226571/1.m3u8
CCTV-14少儿,http://ottrrs.hl.chinamobile.com/TVOD/88888893/224/3221225732/1.m3u8
CCTV-14少儿,http://ottrrs.hl.chinamobile.com/TVOD/88888893/224/3221226591/1.m3u8
CCTV-15音乐,http://ottrrs.hl.chinamobile.com/TVOD/88888893/224/3221225601/1.m3u8
CCTV-15音乐,http://ottrrs.hl.chinamobile.com/TVOD/88888893/224/3221226476/1.m3u8
CCTV-16奥林匹克,http://ottrrs.hl.chinamobile.com/TVOD/88888893/224/3221226100/1.m3u8
CCTV-17农业农村,http://ottrrs.hl.chinamobile.com/TVOD/88888893/224/3221225765/1.m3u8
CETV-1,http://ottrrs.hl.chinamobile.com/TVOD/88888893/224/3221225652/1.m3u8
CETV-2,http://ottrrs.hl.chinamobile.com/TVOD/88888893/224/3221226425/1.m3u8
CETV-4,http://ottrrs.hl.chinamobile.com/TVOD/88888893/224/3221225783/1.m3u8
CGTN,http://ottrrs.hl.chinamobile.com/TVOD/88888893/224/3221225604/1.m3u8
CGTN-纪录,http://ottrrs.hl.chinamobile.com/TVOD/88888893/224/3221225602/1.m3u8
