移动央视1,#genre#
CCTV-1综合,http://ottrrs.hl.chinamobile.com/PLTV/88888888/224/3221226016/index.m3u8
CCTV-1综合,http://ottrrs.hl.chinamobile.com/PLTV/88888888/224/3221226559/index.m3u8
CCTV-1综合,http://ottrrs.hl.chinamobile.com/PLTV/88888888/224/3221226514/index.m3u8
CCTV-2财经,http://ottrrs.hl.chinamobile.com/PLTV/88888888/224/3221225588/index.m3u8
CCTV-3综艺,http://ottrrs.hl.chinamobile.com/PLTV/88888888/224/3221226021/index.m3u8
CCTV-4中文国际,http://ottrrs.hl.chinamobile.com/PLTV/88888888/224/3221226428/index.m3u8
CCTV-4中文国际,http://ottrrs.hl.chinamobile.com/PLTV/88888888/224/3221226007/index.m3u8
CCTV-5体育,http://ottrrs.hl.chinamobile.com/PLTV/88888888/224/3221226019/index.m3u8
CCTV-5+体育赛事,http://ottrrs.hl.chinamobile.com/PLTV/88888888/224/3221225603/index.m3u8
CCTV-6电影,http://ottrrs.hl.chinamobile.com/PLTV/88888888/224/3221226010/index.m3u8
CCTV-7国防军事,http://ottrrs.hl.chinamobile.com/PLTV/88888888/224/3221225733/index.m3u8
CCTV-8电视剧,http://ottrrs.hl.chinamobile.com/PLTV/88888888/224/3221226008/index.m3u8
CCTV-9纪录,http://ottrrs.hl.chinamobile.com/PLTV/88888888/224/3221225734/index.m3u8
CCTV-10科教,http://ottrrs.hl.chinamobile.com/PLTV/88888888/224/3221225730/index.m3u8
CCTV-10科教,http://ottrrs.hl.chinamobile.com/PLTV/88888888/224/3221226473/index.m3u8
CCTV-11戏曲,http://ottrrs.hl.chinamobile.com/PLTV/88888888/224/3221226565/index.m3u8
CCTV-11戏曲,http://ottrrs.hl.chinamobile.com/PLTV/88888888/224/3221225597/index.m3u8
CCTV-12社会与法,http://ottrrs.hl.chinamobile.com/PLTV/88888888/224/3221225731/index.m3u8
CCTV-12社会与法,http://ottrrs.hl.chinamobile.com/PLTV/88888888/224/3221226568/index.m3u8
CCTV-13新闻,http://ottrrs.hl.chinamobile.com/PLTV/88888888/224/3221226537/index.m3u8
CCTV-13新闻,http://ottrrs.hl.chinamobile.com/PLTV/88888888/224/3221226571/index.m3u8
CCTV-13新闻,http://ottrrs.hl.chinamobile.com/PLTV/88888888/224/3221226011/index.m3u8
CCTV-14少儿,http://ottrrs.hl.chinamobile.com/PLTV/88888888/224/3221225732/index.m3u8
CCTV-14少儿,http://ottrrs.hl.chinamobile.com/PLTV/88888888/224/3221226591/index.m3u8
CCTV-15音乐,http://ottrrs.hl.chinamobile.com/PLTV/88888888/224/3221226476/index.m3u8
CCTV-15音乐,http://ottrrs.hl.chinamobile.com/PLTV/88888888/224/3221225601/index.m3u8
CCTV-16奥林匹克,http://ottrrs.hl.chinamobile.com/PLTV/88888888/224/3221226100/index.m3u8
CCTV-17农业农村,http://ottrrs.hl.chinamobile.com/PLTV/88888888/224/3221225765/index.m3u8
CETV-1,http://ottrrs.hl.chinamobile.com/PLTV/88888888/224/3221225652/index.m3u8
CETV-2,http://ottrrs.hl.chinamobile.com/PLTV/88888888/224/3221226425/index.m3u8
CETV-4,http://ottrrs.hl.chinamobile.com/PLTV/88888888/224/3221225783/index.m3u8
CGTN,http://ottrrs.hl.chinamobile.com/PLTV/88888888/224/3221225604/index.m3u8
CGTN-纪录,http://ottrrs.hl.chinamobile.com/PLTV/88888888/224/3221225602/index.m3u8

移动卫视,#genre#
安徽卫视,http://ottrrs.hl.chinamobile.com/PLTV/88888888/224/3221226391/index.m3u8
安徽卫视,http://ottrrs.hl.chinamobile.com/PLTV/88888888/224/3221226498/index.m3u8
北京卫视,http://ottrrs.hl.chinamobile.com/PLTV/88888888/224/3221225728/index.m3u8
北京卫视,http://ottrrs.hl.chinamobile.com/PLTV/88888888/224/3221226251/index.m3u8
北京卫视,http://ottrrs.hl.chinamobile.com/PLTV/88888888/224/3221226450/index.m3u8
东方卫视,http://ottrrs.hl.chinamobile.com/PLTV/88888888/224/3221225735/index.m3u8
东方卫视,http://ottrrs.hl.chinamobile.com/PLTV/88888888/224/3221226345/index.m3u8
东方卫视,http://ottrrs.hl.chinamobile.com/PLTV/88888888/224/3221226336/index.m3u8
东南卫视,http://ottrrs.hl.chinamobile.com/PLTV/88888888/224/3221226341/index.m3u8
东南卫视,http://ottrrs.hl.chinamobile.com/PLTV/88888888/224/3221225620/index.m3u8
东南卫视,http://ottrrs.hl.chinamobile.com/PLTV/88888888/224/3221226377/index.m3u8
甘肃卫视,http://ottrrs.hl.chinamobile.com/PLTV/88888888/224/3221225633/index.m3u8
甘肃卫视,http://ottrrs.hl.chinamobile.com/PLTV/88888888/224/3221226522/index.m3u8
广东卫视,http://ottrrs.hl.chinamobile.com/PLTV/88888888/224/3221226248/index.m3u8
广东卫视,http://ottrrs.hl.chinamobile.com/PLTV/88888888/224/3221226374/index.m3u8
广西卫视,http://ottrrs.hl.chinamobile.com/PLTV/88888888/224/3221226549/index.m3u8
广西卫视,http://ottrrs.hl.chinamobile.com/PLTV/88888888/224/3221226380/index.m3u8
贵州卫视,http://ottrrs.hl.chinamobile.com/PLTV/88888888/224/3221226474/index.m3u8
贵州卫视,http://ottrrs.hl.chinamobile.com/PLTV/88888888/224/3221225626/index.m3u8
贵州卫视,http://ottrrs.hl.chinamobile.com/PLTV/88888888/224/3221226383/index.m3u8
海南卫视,http://ottrrs.hl.chinamobile.com/PLTV/88888888/224/3221226465/index.m3u8
海南卫视,http://ottrrs.hl.chinamobile.com/PLTV/88888888/224/3221225639/index.m3u8
海南卫视,http://ottrrs.hl.chinamobile.com/PLTV/88888888/224/3221226445/index.m3u8
河北卫视,http://ottrrs.hl.chinamobile.com/PLTV/88888888/224/3221226406/index.m3u8
河北卫视,http://ottrrs.hl.chinamobile.com/PLTV/88888888/224/3221225623/index.m3u8
河北卫视,http://ottrrs.hl.chinamobile.com/PLTV/88888888/224/3221226448/index.m3u8
河南卫视,http://ottrrs.hl.chinamobile.com/PLTV/88888888/224/3221226480/index.m3u8
河南卫视,http://ottrrs.hl.chinamobile.com/PLTV/88888888/224/3221226320/index.m3u8
黑龙江卫视,http://ottrrs.hl.chinamobile.com/PLTV/88888888/224/3221226327/index.m3u8
黑龙江卫视,http://ottrrs.hl.chinamobile.com/PLTV/88888888/224/3221226419/index.m3u8
黑龙江卫视,http://ottrrs.hl.chinamobile.com/PLTV/88888888/224/3221226467/index.m3u8
黑龙江卫视,http://ottrrs.hl.chinamobile.com/PLTV/88888888/224/3221226525/index.m3u8
黑龙江卫视,http://ottrrs.hl.chinamobile.com/PLTV/88888888/224/3221226531/index.m3u8
黑龙江卫视,http://ottrrs.hl.chinamobile.com/PLTV/88888888/224/3221226532/index.m3u8
黑龙江卫视,http://ottrrs.hl.chinamobile.com/PLTV/88888888/224/3221226582/index.m3u8
黑龙江卫视,http://ottrrs.hl.chinamobile.com/PLTV/88888888/224/3221226585/index.m3u8
黑龙江卫视,http://ottrrs.hl.chinamobile.com/PLTV/88888888/224/3221226421/index.m3u8
湖北卫视,http://ottrrs.hl.chinamobile.com/PLTV/88888888/224/3221225627/index.m3u8
湖北卫视,http://ottrrs.hl.chinamobile.com/PLTV/88888888/224/3221226477/index.m3u8
湖北卫视,http://ottrrs.hl.chinamobile.com/PLTV/88888888/224/3221226501/index.m3u8
湖南卫视,http://ottrrs.hl.chinamobile.com/PLTV/88888888/224/3221225610/index.m3u8
湖南卫视,http://ottrrs.hl.chinamobile.com/PLTV/88888888/224/3221226307/index.m3u8
湖南卫视,http://ottrrs.hl.chinamobile.com/PLTV/88888888/224/3221226430/index.m3u8
吉林卫视,http://ottrrs.hl.chinamobile.com/PLTV/88888890/224/3221226397/index.m3u8
吉林卫视,http://ottrrs.hl.chinamobile.com/PLTV/88888888/224/3221226386/index.m3u8
江苏卫视,http://ottrrs.hl.chinamobile.com/PLTV/88888888/224/3221225613/index.m3u8
江苏卫视,http://ottrrs.hl.chinamobile.com/PLTV/88888888/224/3221226310/index.m3u8
江苏卫视,http://ottrrs.hl.chinamobile.com/PLTV/88888888/224/3221226495/index.m3u8
江西卫视,http://ottrrs.hl.chinamobile.com/PLTV/88888888/224/3221226344/index.m3u8
江西卫视,http://ottrrs.hl.chinamobile.com/PLTV/88888888/224/3221226504/index.m3u8
辽宁卫视,http://ottrrs.hl.chinamobile.com/PLTV/88888888/224/3221226546/index.m3u8
辽宁卫视,http://ottrrs.hl.chinamobile.com/PLTV/88888888/224/3221225619/index.m3u8
辽宁卫视,http://ottrrs.hl.chinamobile.com/PLTV/88888888/224/3221226254/index.m3u8
内蒙古卫视,http://ottrrs.hl.chinamobile.com/PLTV/88888888/224/3221226389/index.m3u8
宁夏卫视,http://ottrrs.hl.chinamobile.com/PLTV/88888888/224/3221225632/index.m3u8
宁夏卫视,http://ottrrs.hl.chinamobile.com/PLTV/88888888/224/3221226454/index.m3u8
青海卫视,http://ottrrs.hl.chinamobile.com/PLTV/88888888/224/3221225628/index.m3u8
青海卫视,http://ottrrs.hl.chinamobile.com/PLTV/88888888/224/3221226323/index.m3u8
山东卫视,http://ottrrs.hl.chinamobile.com/PLTV/88888888/224/3221226456/index.m3u8
山东卫视,http://ottrrs.hl.chinamobile.com/PLTV/88888888/224/3221226507/index.m3u8
山西卫视,http://ottrrs.hl.chinamobile.com/PLTV/88888888/224/3221225624/index.m3u8
山西卫视,http://ottrrs.hl.chinamobile.com/PLTV/88888888/224/3221226392/index.m3u8
陕西卫视,http://ottrrs.hl.chinamobile.com/PLTV/88888888/224/3221225625/index.m3u8
陕西卫视,http://ottrrs.hl.chinamobile.com/PLTV/88888888/224/3221226457/index.m3u8
深圳卫视,http://ottrrs.hl.chinamobile.com/PLTV/88888888/224/3221225739/index.m3u8
深圳卫视,http://ottrrs.hl.chinamobile.com/PLTV/88888888/224/3221226313/index.m3u8
深圳卫视,http://ottrrs.hl.chinamobile.com/PLTV/88888888/224/3221226510/index.m3u8
四川卫视,http://ottrrs.hl.chinamobile.com/PLTV/88888888/224/3221226338/index.m3u8
四川卫视,http://ottrrs.hl.chinamobile.com/PLTV/88888888/224/3221226513/index.m3u8
天津卫视,http://ottrrs.hl.chinamobile.com/PLTV/88888888/224/3221225740/index.m3u8
天津卫视,http://ottrrs.hl.chinamobile.com/PLTV/88888888/224/3221226459/index.m3u8
天津卫视,http://ottrrs.hl.chinamobile.com/PLTV/88888888/224/3221226395/index.m3u8
天津卫视,http://ottrrs.hl.chinamobile.com/PLTV/88888890/224/3221226395/index.m3u8
西藏卫视,http://ottrrs.hl.chinamobile.com/PLTV/88888888/224/3221225638/index.m3u8
西藏卫视,http://ottrrs.hl.chinamobile.com/PLTV/88888888/224/3221226433/index.m3u8
新疆卫视,http://ottrrs.hl.chinamobile.com/PLTV/88888888/224/3221225635/index.m3u8
新疆卫视,http://ottrrs.hl.chinamobile.com/PLTV/88888888/224/3221226460/index.m3u8
云南卫视,http://ottrrs.hl.chinamobile.com/PLTV/88888888/224/3221226444/index.m3u8
浙江卫视,http://ottrrs.hl.chinamobile.com/PLTV/88888888/224/3221225612/index.m3u8
浙江卫视,http://ottrrs.hl.chinamobile.com/PLTV/88888888/224/3221226339/index.m3u8
浙江卫视,http://ottrrs.hl.chinamobile.com/PLTV/88888888/224/3221226342/index.m3u8
重庆卫视,http://ottrrs.hl.chinamobile.com/PLTV/88888888/224/3221226409/index.m3u8
重庆卫视,http://ottrrs.hl.chinamobile.com/PLTV/88888888/224/3221225618/index.m3u8
重庆卫视,http://ottrrs.hl.chinamobile.com/PLTV/88888890/224/3221226463/index.m3u8
安多卫视,http://ottrrs.hl.chinamobile.com/PLTV/88888888/224/3221225659/index.m3u8
兵团卫视,http://ottrrs.hl.chinamobile.com/PLTV/88888888/224/3221226439/index.m3u8
康巴卫视,http://ottrrs.hl.chinamobile.com/PLTV/88888888/224/3221225660/index.m3u8
延边卫视,http://ottrrs.hl.chinamobile.com/PLTV/88888888/224/3221226516/index.m3u8
黑莓电影,http://ottrrs.hl.chinamobile.com/PLTV/88888890/224/3221225743/index.m3u8
黑莓动画,http://ottrrs.hl.chinamobile.com/PLTV/88888888/224/3221225662/index.m3u8
金鹰卡通,http://ottrrs.hl.chinamobile.com/PLTV/88888888/224/3221225653/index.m3u8
优漫卡通,http://ottrrs.hl.chinamobile.com/PLTV/88888888/224/3221225656/index.m3u8

移动地方,#genre#
北京纪实,http://ottrrs.hl.chinamobile.com/PLTV/88888888/224/3221225729/index.m3u8
北京少儿,http://ottrrs.hl.chinamobile.com/PLTV/88888888/224/3221225654/index.m3u8
山东教育卫视,http://ottrrs.hl.chinamobile.com/PLTV/88888888/224/3221225655/index.m3u8
上海纪实人文,http://ottrrs.hl.chinamobile.com/PLTV/88888888/224/3221225738/index.m3u8
大庆教育频道,http://ottrrs.hl.chinamobile.com/PLTV/88888888/224/3221226523/index.m3u8
大庆新闻综合,http://ottrrs.hl.chinamobile.com/PLTV/88888888/224/3221226484/index.m3u8
大兴安岭新闻综合,http://ottrrs.hl.chinamobile.com/PLTV/88888888/224/3221226499/index.m3u8
哈尔滨生活,http://ottrrs.hl.chinamobile.com/PLTV/88888888/224/3221226526/index.m3u8
哈尔滨新闻综合,http://ottrrs.hl.chinamobile.com/PLTV/88888888/224/3221226434/index.m3u8
哈尔滨新闻综合,http://ottrrs.hl.chinamobile.com/PLTV/88888888/224/3221226558/index.m3u8
哈尔滨影视,http://ottrrs.hl.chinamobile.com/PLTV/88888888/224/3221226552/index.m3u8
鹤岗新闻综合,http://ottrrs.hl.chinamobile.com/PLTV/88888888/224/3221226496/index.m3u8
鹤岗新闻综合,http://ottrrs.hl.chinamobile.com/PLTV/88888888/224/3221226534/index.m3u8
黑龙江都市,http://ottrrs.hl.chinamobile.com/PLTV/88888888/224/3221226301/index.m3u8
黑龙江都市,http://ottrrs.hl.chinamobile.com/PLTV/88888888/224/3221226427/index.m3u8
黑龙江农业科教,http://ottrrs.hl.chinamobile.com/PLTV/88888888/224/3221226242/index.m3u8
黑龙江农业科教,http://ottrrs.hl.chinamobile.com/PLTV/88888888/224/3221226492/index.m3u8
黑龙江少儿,http://ottrrs.hl.chinamobile.com/PLTV/88888888/224/3221226304/index.m3u8
黑龙江少儿,http://ottrrs.hl.chinamobile.com/PLTV/88888888/224/3221226371/index.m3u8
黑龙江文体,http://ottrrs.hl.chinamobile.com/PLTV/88888888/224/3221226239/index.m3u8
黑龙江文体,http://ottrrs.hl.chinamobile.com/PLTV/88888888/224/3221226424/index.m3u8
黑龙江新闻法治,http://ottrrs.hl.chinamobile.com/PLTV/88888888/224/3221226330/index.m3u8
黑龙江新闻法治,http://ottrrs.hl.chinamobile.com/PLTV/88888888/224/3221226368/index.m3u8
黑龙江影视,http://ottrrs.hl.chinamobile.com/PLTV/88888888/224/3221226298/index.m3u8
黑龙江影视,http://ottrrs.hl.chinamobile.com/PLTV/88888888/224/3221226365/index.m3u8
鸡西安全生活,http://ottrrs.hl.chinamobile.com/PLTV/88888888/224/3221226481/index.m3u8
鸡西新闻综合,http://ottrrs.hl.chinamobile.com/PLTV/88888888/224/3221226410/index.m3u8
佳木斯新闻综合,http://ottrrs.hl.chinamobile.com/PLTV/88888888/224/3221226451/index.m3u8
漠河新闻综合,http://ottrrs.hl.chinamobile.com/PLTV/88888888/224/3221226535/index.m3u8
牡丹江新闻综合,http://ottrrs.hl.chinamobile.com/PLTV/88888888/224/3221226422/index.m3u8
齐齐哈尔经济法治,http://ottrrs.hl.chinamobile.com/PLTV/88888888/224/3221226493/index.m3u8
齐齐哈尔经济法治,http://ottrrs.hl.chinamobile.com/PLTV/88888888/224/3221226555/index.m3u8
齐齐哈尔新闻综合,http://ottrrs.hl.chinamobile.com/PLTV/88888888/224/3221226413/index.m3u8
齐齐哈尔新闻综合,http://ottrrs.hl.chinamobile.com/PLTV/88888888/224/3221226437/index.m3u8
双鸭山新闻综合,http://ottrrs.hl.chinamobile.com/PLTV/88888888/224/3221226502/index.m3u8
双鸭山新闻综合,http://ottrrs.hl.chinamobile.com/PLTV/88888888/224/3221226529/index.m3u8
伊春新闻综合,http://ottrrs.hl.chinamobile.com/PLTV/88888888/224/3221226416/index.m3u8

New-TV,#genre#
爱情喜剧,http://ottrrs.hl.chinamobile.com/PLTV/88888888/224/3221225669/index.m3u8
超级电视剧,http://ottrrs.hl.chinamobile.com/PLTV/88888888/224/3221225716/index.m3u8
超级电影,http://ottrrs.hl.chinamobile.com/PLTV/88888888/224/3221225717/index.m3u8
超级体育,http://ottrrs.hl.chinamobile.com/PLTV/88888888/224/3221225715/index.m3u8
超级综艺,http://ottrrs.hl.chinamobile.com/PLTV/88888888/224/3221225714/index.m3u8
潮妈辣婆,http://ottrrs.hl.chinamobile.com/PLTV/88888888/224/3221225685/index.m3u8
哒波赛事,http://ottrrs.hl.chinamobile.com/PLTV/88888888/224/3221225675/index.m3u8
电影轮播,http://ottrrs.hl.chinamobile.com/PLTV/88888888/224/3221225671/index.m3u8
东北热剧,http://ottrrs.hl.chinamobile.com/PLTV/88888888/224/3221225741/index.m3u8
动作电影,http://ottrrs.hl.chinamobile.com/PLTV/88888888/224/3221225661/index.m3u8
古装剧场,http://ottrrs.hl.chinamobile.com/PLTV/88888888/224/3221225663/index.m3u8
哈哈炫动,http://ottrrs.hl.chinamobile.com/PLTV/88888888/224/3221225657/index.m3u8
海外剧场,http://ottrrs.hl.chinamobile.com/PLTV/88888888/224/3221225671/index.m3u8
欢乐剧场,http://ottrrs.hl.chinamobile.com/PLTV/88888888/224/3221225742/index.m3u8
金牌综艺,http://ottrrs.hl.chinamobile.com/PLTV/88888888/224/3221225666/index.m3u8
惊悚悬疑,http://ottrrs.hl.chinamobile.com/PLTV/88888888/224/3221225665/index.m3u8
精品大剧,http://ottrrs.hl.chinamobile.com/PLTV/88888888/224/3221225670/index.m3u8
精品纪录,http://ottrrs.hl.chinamobile.com/PLTV/88888888/224/3221225672/index.m3u8
精品萌宠,http://ottrrs.hl.chinamobile.com/PLTV/88888888/224/3221226505/index.m3u8
精品体育,http://ottrrs.hl.chinamobile.com/PLTV/88888888/224/3221225674/index.m3u8
军旅剧场,http://ottrrs.hl.chinamobile.com/PLTV/88888888/224/3221225676/index.m3u8
军事评论,http://ottrrs.hl.chinamobile.com/PLTV/88888888/224/3221225668/index.m3u8
咪咕体育,http://ottrrs.hl.chinamobile.com/PLTV/88888888/224/3221226398/index.m3u8
明星大片,http://ottrrs.hl.chinamobile.com/PLTV/88888888/224/3221225664/index.m3u8
农业致富,http://ottrrs.hl.chinamobile.com/PLTV/88888888/224/3221225683/index.m3u8
晴彩广场舞,http://ottrrs.hl.chinamobile.com/PLTV/88888888/224/3221226472/index.m3u8
晴彩广场舞,http://ottrrs.hl.chinamobile.com/PLTV/88888888/224/3221226482/index.m3u8
晴彩竞技,http://ottrrs.hl.chinamobile.com/PLTV/88888888/224/3221226124/index.m3u8
晴彩篮球,http://ottrrs.hl.chinamobile.com/PLTV/88888888/224/3221226147/index.m3u8
晴彩篮球,http://ottrrs.hl.chinamobile.com/PLTV/88888888/224/3221226469/index.m3u8
晴彩青少,http://ottrrs.hl.chinamobile.com/PLTV/88888888/224/3221226508/index.m3u8
武搏世界,http://ottrrs.hl.chinamobile.com/PLTV/88888888/224/3221225680/index.m3u8
炫舞未来,http://ottrrs.hl.chinamobile.com/PLTV/88888888/224/3221225719/index.m3u8
怡伴健康,http://ottrrs.hl.chinamobile.com/PLTV/88888888/224/3221225673/index.m3u8
中国功夫,http://ottrrs.hl.chinamobile.com/PLTV/88888888/224/3221225681/index.m3u8

移动央视2,#genre#
CCTV-1综合,http://ottrrs.hl.chinamobile.com/TVOD/88888888/224/3221226016/index.m3u8
CCTV-1综合,http://ottrrs.hl.chinamobile.com/TVOD/88888888/224/3221226514/index.m3u8
CCTV-1综合,http://ottrrs.hl.chinamobile.com/TVOD/88888888/224/3221226559/index.m3u8
CCTV-2财经,http://ottrrs.hl.chinamobile.com/TVOD/88888888/224/3221225588/index.m3u8
CCTV-3综艺,http://ottrrs.hl.chinamobile.com/TVOD/88888888/224/3221226021/index.m3u8
CCTV-4中文国际,http://ottrrs.hl.chinamobile.com/TVOD/88888888/224/3221226007/index.m3u8
CCTV-4中文国际,http://ottrrs.hl.chinamobile.com/TVOD/88888888/224/3221226428/index.m3u8
CCTV-5体育,http://ottrrs.hl.chinamobile.com/TVOD/88888888/224/3221226019/index.m3u8
CCTV-5+体育赛事,http://ottrrs.hl.chinamobile.com/TVOD/88888888/224/3221225603/index.m3u8
CCTV-6电影,http://ottrrs.hl.chinamobile.com/TVOD/88888888/224/3221226010/index.m3u8
CCTV-7国防军事,http://ottrrs.hl.chinamobile.com/TVOD/88888888/224/3221225733/index.m3u8
CCTV-8电视剧,http://ottrrs.hl.chinamobile.com/TVOD/88888888/224/3221226008/index.m3u8
CCTV-9纪录,http://ottrrs.hl.chinamobile.com/TVOD/88888888/224/3221225734/index.m3u8
CCTV-10科教,http://ottrrs.hl.chinamobile.com/TVOD/88888888/224/3221225730/index.m3u8
CCTV-10科教,http://ottrrs.hl.chinamobile.com/TVOD/88888888/224/3221226473/index.m3u8
CCTV-11戏曲,http://ottrrs.hl.chinamobile.com/TVOD/88888888/224/3221225597/index.m3u8
CCTV-11戏曲,http://ottrrs.hl.chinamobile.com/TVOD/88888888/224/3221226565/index.m3u8
CCTV-12社会与法,http://ottrrs.hl.chinamobile.com/TVOD/88888888/224/3221225731/index.m3u8
CCTV-12社会与法,http://ottrrs.hl.chinamobile.com/TVOD/88888888/224/3221226568/index.m3u8
CCTV-13新闻,http://ottrrs.hl.chinamobile.com/TVOD/88888888/224/3221226011/index.m3u8
CCTV-13新闻,http://ottrrs.hl.chinamobile.com/TVOD/88888888/224/3221226537/index.m3u8
CCTV-13新闻,http://ottrrs.hl.chinamobile.com/TVOD/88888888/224/3221226571/index.m3u8
CCTV-14少儿,http://ottrrs.hl.chinamobile.com/TVOD/88888888/224/3221225732/index.m3u8
CCTV-14少儿,http://ottrrs.hl.chinamobile.com/TVOD/88888888/224/3221226591/index.m3u8
CCTV-15音乐,http://ottrrs.hl.chinamobile.com/TVOD/88888888/224/3221225601/index.m3u8
CCTV-15音乐,http://ottrrs.hl.chinamobile.com/TVOD/88888888/224/3221226476/index.m3u8
CCTV-16奥林匹克,http://ottrrs.hl.chinamobile.com/TVOD/88888888/224/3221226100/index.m3u8
CCTV-17农业农村,http://ottrrs.hl.chinamobile.com/TVOD/88888888/224/3221225765/index.m3u8
CETV-1,http://ottrrs.hl.chinamobile.com/TVOD/88888888/224/3221225652/index.m3u8
CETV-2,http://ottrrs.hl.chinamobile.com/TVOD/88888888/224/3221226425/index.m3u8
CETV-4,http://ottrrs.hl.chinamobile.com/TVOD/88888888/224/3221225783/index.m3u8
CGTN,http://ottrrs.hl.chinamobile.com/TVOD/88888888/224/3221225604/index.m3u8
CGTN-纪录,http://ottrrs.hl.chinamobile.com/TVOD/88888888/224/3221225602/index.m3u8

移动央视3,#genre#
CCTV-1综合,http://ottrrs.hl.chinamobile.com/PLTV/88888890/224/3221226016/index.m3u8
CCTV-1综合,http://ottrrs.hl.chinamobile.com/PLTV/88888890/224/3221226559/index.m3u8
CCTV-1综合,http://ottrrs.hl.chinamobile.com/PLTV/88888890/224/3221226514/index.m3u8
CCTV-2财经,http://ottrrs.hl.chinamobile.com/PLTV/88888890/224/3221225588/index.m3u8
CCTV-3综艺,http://ottrrs.hl.chinamobile.com/PLTV/88888890/224/3221226021/index.m3u8
CCTV-4中文国际,http://ottrrs.hl.chinamobile.com/PLTV/88888890/224/3221226428/index.m3u8
CCTV-4中文国际,http://ottrrs.hl.chinamobile.com/PLTV/88888890/224/3221226007/index.m3u8
CCTV-5体育,http://ottrrs.hl.chinamobile.com/PLTV/88888890/224/3221226019/index.m3u8
CCTV-5+体育赛事,http://ottrrs.hl.chinamobile.com/PLTV/88888890/224/3221225603/index.m3u8
CCTV-6电影,http://ottrrs.hl.chinamobile.com/PLTV/88888890/224/3221226010/index.m3u8
CCTV-7国防军事,http://ottrrs.hl.chinamobile.com/PLTV/88888890/224/3221225733/index.m3u8
CCTV-8电视剧,http://ottrrs.hl.chinamobile.com/PLTV/88888890/224/3221226008/index.m3u8
CCTV-9纪录,http://ottrrs.hl.chinamobile.com/PLTV/88888890/224/3221225734/index.m3u8
CCTV-10科教,http://ottrrs.hl.chinamobile.com/PLTV/88888890/224/3221225730/index.m3u8
CCTV-10科教,http://ottrrs.hl.chinamobile.com/PLTV/88888890/224/3221226473/index.m3u8
CCTV-11戏曲,http://ottrrs.hl.chinamobile.com/PLTV/88888890/224/3221226565/index.m3u8
CCTV-11戏曲,http://ottrrs.hl.chinamobile.com/PLTV/88888890/224/3221225597/index.m3u8
CCTV-12社会与法,http://ottrrs.hl.chinamobile.com/PLTV/88888890/224/3221225731/index.m3u8
CCTV-12社会与法,http://ottrrs.hl.chinamobile.com/PLTV/88888890/224/3221226568/index.m3u8
CCTV-13新闻,http://ottrrs.hl.chinamobile.com/PLTV/88888890/224/3221226537/index.m3u8
CCTV-13新闻,http://ottrrs.hl.chinamobile.com/PLTV/88888890/224/3221226571/index.m3u8
CCTV-13新闻,http://ottrrs.hl.chinamobile.com/PLTV/88888890/224/3221226011/index.m3u8
CCTV-14少儿,http://ottrrs.hl.chinamobile.com/PLTV/88888890/224/3221225732/index.m3u8
CCTV-14少儿,http://ottrrs.hl.chinamobile.com/PLTV/88888890/224/3221226591/index.m3u8
CCTV-15音乐,http://ottrrs.hl.chinamobile.com/PLTV/88888890/224/3221226476/index.m3u8
CCTV-15音乐,http://ottrrs.hl.chinamobile.com/PLTV/88888890/224/3221225601/index.m3u8
CCTV-16奥林匹克,http://ottrrs.hl.chinamobile.com/PLTV/88888890/224/3221226100/index.m3u8
CCTV-17农业农村,http://ottrrs.hl.chinamobile.com/PLTV/88888890/224/3221225765/index.m3u8
CETV-1,http://ottrrs.hl.chinamobile.com/PLTV/88888890/224/3221225652/index.m3u8
CETV-2,http://ottrrs.hl.chinamobile.com/PLTV/88888890/224/3221226425/index.m3u8
CETV-4,http://ottrrs.hl.chinamobile.com/PLTV/88888890/224/3221225783/index.m3u8
CGTN,http://ottrrs.hl.chinamobile.com/PLTV/88888890/224/3221225604/index.m3u8
CGTN-纪录,http://ottrrs.hl.chinamobile.com/PLTV/88888890/224/3221225602/index.m3u8

移动央视4,#genre#
CCTV-1综合,http://ottrrs.hl.chinamobile.com/TVOD/88888890/224/3221226016/index.m3u8
CCTV-1综合,http://ottrrs.hl.chinamobile.com/TVOD/88888890/224/3221226514/index.m3u8
CCTV-1综合,http://ottrrs.hl.chinamobile.com/TVOD/88888890/224/3221226559/index.m3u8
CCTV-2财经,http://ottrrs.hl.chinamobile.com/TVOD/88888890/224/3221225588/index.m3u8
CCTV-3综艺,http://ottrrs.hl.chinamobile.com/TVOD/88888890/224/3221226021/index.m3u8
CCTV-4中文国际,http://ottrrs.hl.chinamobile.com/TVOD/88888890/224/3221226007/index.m3u8
CCTV-4中文国际,http://ottrrs.hl.chinamobile.com/TVOD/88888890/224/3221226428/index.m3u8
CCTV-5体育,http://ottrrs.hl.chinamobile.com/TVOD/88888890/224/3221226019/index.m3u8
CCTV-5+体育赛事,http://ottrrs.hl.chinamobile.com/TVOD/88888890/224/3221225603/index.m3u8
CCTV-6电影,http://ottrrs.hl.chinamobile.com/TVOD/88888890/224/3221226010/index.m3u8
CCTV-7国防军事,http://ottrrs.hl.chinamobile.com/TVOD/88888890/224/3221225733/index.m3u8
CCTV-8电视剧,http://ottrrs.hl.chinamobile.com/TVOD/88888890/224/3221226008/index.m3u8
CCTV-9纪录,http://ottrrs.hl.chinamobile.com/TVOD/88888890/224/3221225734/index.m3u8
CCTV-10科教,http://ottrrs.hl.chinamobile.com/TVOD/88888890/224/3221225730/index.m3u8
CCTV-10科教,http://ottrrs.hl.chinamobile.com/TVOD/88888890/224/3221226473/index.m3u8
CCTV-11戏曲,http://ottrrs.hl.chinamobile.com/TVOD/88888890/224/3221225597/index.m3u8
CCTV-11戏曲,http://ottrrs.hl.chinamobile.com/TVOD/88888890/224/3221226565/index.m3u8
CCTV-12社会与法,http://ottrrs.hl.chinamobile.com/TVOD/88888890/224/3221225731/index.m3u8
CCTV-12社会与法,http://ottrrs.hl.chinamobile.com/TVOD/88888890/224/3221226568/index.m3u8
CCTV-13新闻,http://ottrrs.hl.chinamobile.com/TVOD/88888890/224/3221226011/index.m3u8
CCTV-13新闻,http://ottrrs.hl.chinamobile.com/TVOD/88888890/224/3221226537/index.m3u8
CCTV-13新闻,http://ottrrs.hl.chinamobile.com/TVOD/88888890/224/3221226571/index.m3u8
CCTV-14少儿,http://ottrrs.hl.chinamobile.com/TVOD/88888890/224/3221225732/index.m3u8
CCTV-14少儿,http://ottrrs.hl.chinamobile.com/TVOD/88888890/224/3221226591/index.m3u8
CCTV-15音乐,http://ottrrs.hl.chinamobile.com/TVOD/88888890/224/3221225601/index.m3u8
CCTV-15音乐,http://ottrrs.hl.chinamobile.com/TVOD/88888890/224/3221226476/index.m3u8
CCTV-16奥林匹克,http://ottrrs.hl.chinamobile.com/TVOD/88888890/224/3221226100/index.m3u8
CCTV-17农业农村,http://ottrrs.hl.chinamobile.com/TVOD/88888890/224/3221225765/index.m3u8
CETV-1,http://ottrrs.hl.chinamobile.com/TVOD/88888890/224/3221225652/index.m3u8
CETV-2,http://ottrrs.hl.chinamobile.com/TVOD/88888890/224/3221226425/index.m3u8
CETV-4,http://ottrrs.hl.chinamobile.com/TVOD/88888890/224/3221225783/index.m3u8
CGTN,http://ottrrs.hl.chinamobile.com/TVOD/88888890/224/3221225604/index.m3u8
CGTN-纪录,http://ottrrs.hl.chinamobile.com/TVOD/88888890/224/3221225602/index.m3u8

移动央视5,#genre#
CCTV-1综合,http://ottrrs.hl.chinamobile.com/PLTV/88888893/224/3221226016/index.m3u8
CCTV-1综合,http://ottrrs.hl.chinamobile.com/PLTV/88888893/224/3221226559/index.m3u8
CCTV-1综合,http://ottrrs.hl.chinamobile.com/PLTV/88888893/224/3221226514/index.m3u8
CCTV-2财经,http://ottrrs.hl.chinamobile.com/PLTV/88888893/224/3221225588/index.m3u8
CCTV-3综艺,http://ottrrs.hl.chinamobile.com/PLTV/88888893/224/3221226021/index.m3u8
CCTV-4中文国际,http://ottrrs.hl.chinamobile.com/PLTV/88888893/224/3221226428/index.m3u8
CCTV-4中文国际,http://ottrrs.hl.chinamobile.com/PLTV/88888893/224/3221226007/index.m3u8
CCTV-5体育,http://ottrrs.hl.chinamobile.com/PLTV/88888893/224/3221226019/index.m3u8
CCTV-5+体育赛事,http://ottrrs.hl.chinamobile.com/PLTV/88888893/224/3221225603/index.m3u8
CCTV-6电影,http://ottrrs.hl.chinamobile.com/PLTV/88888893/224/3221226010/index.m3u8
CCTV-7国防军事,http://ottrrs.hl.chinamobile.com/PLTV/88888893/224/3221225733/index.m3u8
CCTV-8电视剧,http://ottrrs.hl.chinamobile.com/PLTV/88888893/224/3221226008/index.m3u8
CCTV-9纪录,http://ottrrs.hl.chinamobile.com/PLTV/88888893/224/3221225734/index.m3u8
CCTV-10科教,http://ottrrs.hl.chinamobile.com/PLTV/88888893/224/3221225730/index.m3u8
CCTV-10科教,http://ottrrs.hl.chinamobile.com/PLTV/88888893/224/3221226473/index.m3u8
CCTV-11戏曲,http://ottrrs.hl.chinamobile.com/PLTV/88888893/224/3221226565/index.m3u8
CCTV-11戏曲,http://ottrrs.hl.chinamobile.com/PLTV/88888893/224/3221225597/index.m3u8
CCTV-12社会与法,http://ottrrs.hl.chinamobile.com/PLTV/88888893/224/3221225731/index.m3u8
CCTV-12社会与法,http://ottrrs.hl.chinamobile.com/PLTV/88888893/224/3221226568/index.m3u8
CCTV-13新闻,http://ottrrs.hl.chinamobile.com/PLTV/88888893/224/3221226537/index.m3u8
CCTV-13新闻,http://ottrrs.hl.chinamobile.com/PLTV/88888893/224/3221226571/index.m3u8
CCTV-13新闻,http://ottrrs.hl.chinamobile.com/PLTV/88888893/224/3221226011/index.m3u8
CCTV-14少儿,http://ottrrs.hl.chinamobile.com/PLTV/88888893/224/3221225732/index.m3u8
CCTV-14少儿,http://ottrrs.hl.chinamobile.com/PLTV/88888893/224/3221226591/index.m3u8
CCTV-15音乐,http://ottrrs.hl.chinamobile.com/PLTV/88888893/224/3221226476/index.m3u8
CCTV-15音乐,http://ottrrs.hl.chinamobile.com/PLTV/88888893/224/3221225601/index.m3u8
CCTV-16奥林匹克,http://ottrrs.hl.chinamobile.com/PLTV/88888893/224/3221226100/index.m3u8
CCTV-17农业农村,http://ottrrs.hl.chinamobile.com/PLTV/88888893/224/3221225765/index.m3u8
CETV-1,http://ottrrs.hl.chinamobile.com/PLTV/88888893/224/3221225652/index.m3u8
CETV-2,http://ottrrs.hl.chinamobile.com/PLTV/88888893/224/3221226425/index.m3u8
CETV-4,http://ottrrs.hl.chinamobile.com/PLTV/88888893/224/3221225783/index.m3u8
CGTN,http://ottrrs.hl.chinamobile.com/PLTV/88888893/224/3221225604/index.m3u8
CGTN-纪录,http://ottrrs.hl.chinamobile.com/PLTV/88888893/224/3221225602/index.m3u8

移动央视6,#genre#
CCTV-1综合,http://ottrrs.hl.chinamobile.com/TVOD/88888893/224/3221226016/index.m3u8
CCTV-1综合,http://ottrrs.hl.chinamobile.com/TVOD/88888893/224/3221226514/index.m3u8
CCTV-1综合,http://ottrrs.hl.chinamobile.com/TVOD/88888893/224/3221226559/index.m3u8
CCTV-2财经,http://ottrrs.hl.chinamobile.com/TVOD/88888893/224/3221225588/index.m3u8
CCTV-3综艺,http://ottrrs.hl.chinamobile.com/TVOD/88888893/224/3221226021/index.m3u8
CCTV-4中文国际,http://ottrrs.hl.chinamobile.com/TVOD/88888893/224/3221226007/index.m3u8
CCTV-4中文国际,http://ottrrs.hl.chinamobile.com/TVOD/88888893/224/3221226428/index.m3u8
CCTV-5体育,http://ottrrs.hl.chinamobile.com/TVOD/88888893/224/3221226019/index.m3u8
CCTV-5+体育赛事,http://ottrrs.hl.chinamobile.com/TVOD/88888893/224/3221225603/index.m3u8
CCTV-6电影,http://ottrrs.hl.chinamobile.com/TVOD/88888893/224/3221226010/index.m3u8
CCTV-7国防军事,http://ottrrs.hl.chinamobile.com/TVOD/88888893/224/3221225733/index.m3u8
CCTV-8电视剧,http://ottrrs.hl.chinamobile.com/TVOD/88888893/224/3221226008/index.m3u8
CCTV-9纪录,http://ottrrs.hl.chinamobile.com/TVOD/88888893/224/3221225734/index.m3u8
CCTV-10科教,http://ottrrs.hl.chinamobile.com/TVOD/88888893/224/3221225730/index.m3u8
CCTV-10科教,http://ottrrs.hl.chinamobile.com/TVOD/88888893/224/3221226473/index.m3u8
CCTV-11戏曲,http://ottrrs.hl.chinamobile.com/TVOD/88888893/224/3221225597/index.m3u8
CCTV-11戏曲,http://ottrrs.hl.chinamobile.com/TVOD/88888893/224/3221226565/index.m3u8
CCTV-12社会与法,http://ottrrs.hl.chinamobile.com/TVOD/88888893/224/3221225731/index.m3u8
CCTV-12社会与法,http://ottrrs.hl.chinamobile.com/TVOD/88888893/224/3221226568/index.m3u8
CCTV-13新闻,http://ottrrs.hl.chinamobile.com/TVOD/88888893/224/3221226011/index.m3u8
CCTV-13新闻,http://ottrrs.hl.chinamobile.com/TVOD/88888893/224/3221226537/index.m3u8
CCTV-13新闻,http://ottrrs.hl.chinamobile.com/TVOD/88888893/224/3221226571/index.m3u8
CCTV-14少儿,http://ottrrs.hl.chinamobile.com/TVOD/88888893/224/3221225732/index.m3u8
CCTV-14少儿,http://ottrrs.hl.chinamobile.com/TVOD/88888893/224/3221226591/index.m3u8
CCTV-15音乐,http://ottrrs.hl.chinamobile.com/TVOD/88888893/224/3221225601/index.m3u8
CCTV-15音乐,http://ottrrs.hl.chinamobile.com/TVOD/88888893/224/3221226476/index.m3u8
CCTV-16奥林匹克,http://ottrrs.hl.chinamobile.com/TVOD/88888893/224/3221226100/index.m3u8
CCTV-17农业农村,http://ottrrs.hl.chinamobile.com/TVOD/88888893/224/3221225765/index.m3u8
CETV-1,http://ottrrs.hl.chinamobile.com/TVOD/88888893/224/3221225652/index.m3u8
CETV-2,http://ottrrs.hl.chinamobile.com/TVOD/88888893/224/3221226425/index.m3u8
CETV-4,http://ottrrs.hl.chinamobile.com/TVOD/88888893/224/3221225783/index.m3u8
CGTN,http://ottrrs.hl.chinamobile.com/TVOD/88888893/224/3221225604/index.m3u8
CGTN-纪录,http://ottrrs.hl.chinamobile.com/TVOD/88888893/224/3221225602/index.m3u8

电信央视,#genre#
CCTV-1综合,http://223.241.247.214:9901/tsfile/live/0001_1.m3u8?key=txiptv&playlive=1&authid=0
CCTV-1综合,http://58.220.219.14:9901/tsfile/live/0001_1.m3u8
CCTV-1综合,http://59.48.75.130:3052/tsfile/live/0001_1.m3u8
CCTV-1综合,http://ali-m-l.cztv.com/channels/lantian/channel13/1080p.m3u8
CCTV-2财经,http://223.241.247.214:9901/tsfile/live/0002_1.m3u8?key=txiptv&playlive=1&authid=0
CCTV-2财经,http://58.220.219.14:9901/tsfile/live/0002_1.m3u8
CCTV-2财经,http://59.48.75.130:3052/tsfile/live/0002_1.m3u8
CCTV-3综艺,http://223.241.247.214:9901/tsfile/live/0003_1.m3u8?key=txiptv&playlive=1&authid=0
CCTV-3综艺,http://58.220.219.14:9901/tsfile/live/0003_1.m3u8
CCTV-3综艺,http://59.48.75.130:3052/tsfile/live/0003_1.m3u8
CCTV-4中文国际,http://223.241.247.214:9901/tsfile/live/0004_1.m3u8?key=txiptv&playlive=1&authid=0
CCTV-4中文国际,http://58.220.219.14:9901/tsfile/live/0004_1.m3u8
CCTV-4中文国际,http://59.48.75.130:3052/tsfile/live/0004_1.m3u8
CCTV-5体育,http://223.241.247.214:9901/tsfile/live/0005_1.m3u8?key=txiptv&playlive=1&authid=0
CCTV-5体育,http://58.220.219.14:9901/tsfile/live/0005_1.m3u8
CCTV-5体育,http://59.48.75.130:3052/tsfile/live/0005_1.m3u8
CCTV-5+体育赛事,http://59.48.75.130:3052/tsfile/live/0006_1.m3u8
CCTV-6电影,http://223.241.247.214:9901/tsfile/live/0006_1.m3u8?key=txiptv&playlive=1&authid=0
CCTV-6电影,http://58.220.219.14:9901/tsfile/live/0006_1.m3u8
CCTV-7国防军事,http://223.241.247.214:9901/tsfile/live/0007_1.m3u8?key=txiptv&playlive=1&authid=0
CCTV-7国防军事,http://58.220.219.14:9901/tsfile/live/0007_1.m3u8
CCTV-7国防军事,http://59.48.75.130:3052/tsfile/live/0009_1.m3u8
CCTV-8电视剧,http://223.241.247.214:9901/tsfile/live/0008_1.m3u8?key=txiptv&playlive=1&authid=0
CCTV-8电视剧,http://58.220.219.14:9901/tsfile/live/0008_1.m3u8
CCTV-8电视剧,http://59.48.75.130:3052/tsfile/live/0008_1.m3u8
CCTV-9纪录,http://223.241.247.214:9901/tsfile/live/0009_1.m3u8?key=txiptv&playlive=1&authid=0
CCTV-9纪录,http://58.220.219.14:9901/tsfile/live/0009_1.m3u8
CCTV-9纪录,http://59.48.75.130:3052/tsfile/live/0010_1.m3u8
CCTV-10科教,http://223.241.247.214:9901/tsfile/live/0010_1.m3u8?key=txiptv&playlive=1&authid=0
CCTV-10科教,http://58.220.219.14:9901/tsfile/live/0010_1.m3u8
CCTV-10科教,http://59.48.75.130:3052/tsfile/live/0011_1.m3u8
CCTV-11戏曲,http://223.241.247.214:9901/tsfile/live/0011_1.m3u8?key=txiptv&playlive=1&authid=0
CCTV-11戏曲,http://58.220.219.14:9901/tsfile/live/0011_1.m3u8
CCTV-11戏曲,http://59.48.75.130:3052/tsfile/live/0012_1.m3u8
CCTV-12社会与法,http://223.241.247.214:9901/tsfile/live/0012_1.m3u8?key=txiptv&playlive=1&authid=0
CCTV-12社会与法,http://58.220.219.14:9901/tsfile/live/0012_1.m3u8
CCTV-12社会与法,http://59.48.75.130:3052/tsfile/live/0013_1.m3u8
CCTV-13新闻,http://223.241.247.214:9901/tsfile/live/0013_1.m3u8?key=txiptv&playlive=1&authid=0
CCTV-13新闻,http://58.220.219.14:9901/tsfile/live/0013_1.m3u8
CCTV-13新闻,http://59.48.75.130:3052/tsfile/live/0014_1.m3u8
CCTV-13新闻,http://ali-m-l.cztv.com/channels/lantian/channel21/1080p.m3u8
CCTV-14少儿,http://223.241.247.214:9901/tsfile/live/0014_1.m3u8?key=txiptv&playlive=1&authid=0
CCTV-14少儿,http://58.220.219.14:9901/tsfile/live/0014_1.m3u8
CCTV-14少儿,http://59.48.75.130:3052/tsfile/live/0015_1.m3u8
CCTV-15音乐,http://58.220.219.14:9901/tsfile/live/0015_1.m3u8

电信卫视,#genre#
安徽卫视,http://223.241.247.214:9901/tsfile/live/0019_1.m3u8?key=txiptv&playlive=1&authid=0
安徽卫视,http://58.220.219.14:9901/tsfile/live/0130_1.m3u8
北京卫视,http://223.241.247.214:9901/tsfile/live/1004_1.m3u8?key=txiptv&playlive=1&authid=0
北京卫视,http://58.220.219.14:9901/tsfile/live/0122_1.m3u8
北京卫视,http://59.48.75.130:3052/tsfile/live/0132_1.m3u8
东方卫视,http://223.241.247.214:9901/tsfile/live/1005_1.m3u8?key=txiptv&playlive=1&authid=0
东方卫视,http://58.220.219.14:9901/tsfile/live/0107_1.m3u8
东南卫视,http://58.220.219.14:9901/tsfile/live/0137_1.m3u8
东南卫视,http://59.48.75.130:3052/tsfile/live/0125_1.m3u8
甘肃卫视,http://58.220.219.14:9901/tsfile/live/0141_1.m3u8
广东卫视,http://223.241.247.214:9901/tsfile/live/1011_1.m3u8?key=txiptv&playlive=1&authid=0
广东卫视,http://58.220.219.14:9901/tsfile/live/0125_1.m3u8
广西卫视,http://59.48.75.130:3052/tsfile/live/0139_1.m3u8
贵州卫视,http://58.220.219.14:9901/tsfile/live/0120_1.m3u8
海南卫视,http://59.48.75.130:3052/tsfile/live/0141_1.m3u8
河北卫视,http://58.220.219.14:9901/tsfile/live/0117_1.m3u8
河北卫视,http://59.48.75.130:3052/tsfile/live/0136_1.m3u8
河南卫视,http://58.220.219.14:9901/tsfile/live/0139_1.m3u8
河南卫视,http://59.48.75.130:3052/tsfile/live/0126_1.m3u8
黑龙江卫视,http://58.220.219.14:9901/tsfile/live/0143_1.m3u8
黑龙江卫视,http://59.48.75.130:3052/tsfile/live/0138_1.m3u8
湖北卫视,http://58.220.219.14:9901/tsfile/live/0132_1.m3u8
湖北卫视,http://59.48.75.130:3052/tsfile/live/0127_1.m3u8
湖南卫视,http://223.241.247.214:9901/tsfile/live/1009_1.m3u8?key=txiptv&playlive=1&authid=0
湖南卫视,http://58.220.219.14:9901/tsfile/live/0128_1.m3u8
吉林卫视,http://58.220.219.14:9901/tsfile/live/0116_1.m3u8
江苏卫视,http://223.241.247.214:9901/tsfile/live/1008_1.m3u8?key=txiptv&playlive=1&authid=0
江苏卫视,http://58.220.219.14:9901/tsfile/live/0127_1.m3u8
江苏卫视,http://59.48.75.130:3052/tsfile/live/0131_1.m3u8
江西卫视,http://58.220.219.14:9901/tsfile/live/0138_1.m3u8
江西卫视,http://59.48.75.130:3052/tsfile/live/0117_1.m3u8
辽宁卫视,http://58.220.219.14:9901/tsfile/live/0121_1.m3u8
辽宁卫视,http://59.48.75.130:3052/tsfile/live/0143_1.m3u8
宁夏卫视,http://59.48.75.130:3052/tsfile/live/0115_1.m3u8
青海卫视,http://59.48.75.130:3052/tsfile/live/0113_1.m3u8
山东卫视,http://58.220.219.14:9901/tsfile/live/0131_1.m3u8
山东卫视,http://59.48.75.130:3052/tsfile/live/0119_1.m3u8
山西卫视,http://58.220.219.14:9901/tsfile/live/0118_1.m3u8
陕西卫视,http://59.48.75.130:3052/tsfile/live/0135_1.m3u8
深圳卫视,http://223.241.247.214:9901/tsfile/live/1012_1.m3u8?key=txiptv&playlive=1&authid=0
深圳卫视,http://58.220.219.14:9901/tsfile/live/0126_1.m3u8
四川卫视,http://58.220.219.14:9901/tsfile/live/0123_1.m3u8
四川卫视,http://59.48.75.130:3052/tsfile/live/0128_1.m3u8
天津卫视,http://223.241.247.214:9901/tsfile/live/1006_1.m3u8?key=txiptv&playlive=1&authid=0
天津卫视,http://58.220.219.14:9901/tsfile/live/0135_1.m3u8
天津卫视,http://59.48.75.130:3052/tsfile/live/0116_1.m3u8
西藏卫视,http://59.48.75.130:3052/tsfile/live/0109_1.m3u8
浙江卫视,http://223.241.247.214:9901/tsfile/live/1010_1.m3u8?key=txiptv&playlive=1&authid=0
浙江卫视,http://58.220.219.14:9901/tsfile/live/0124_1.m3u8
浙江卫视,http://59.48.75.130:3052/tsfile/live/0142_1.m3u8
浙江卫视,http://ali-m-l.cztv.com/channels/lantian/channel01/1080p.m3u8
浙江卫视,http://ali-m-l.cztv.com/channels/lantian/channel16/1080p.m3u8
重庆卫视,http://223.241.247.214:9901/tsfile/live/1007_1.m3u8?key=txiptv&playlive=1&authid=0
重庆卫视,http://58.220.219.14:9901/tsfile/live/0142_1.m3u8
重庆卫视,http://59.48.75.130:3052/tsfile/live/0130_1.m3u8
1,http://59.48.75.130:3052/tsfile/live/0007_1.m3u8
2,http://223.241.247.214:9901/tsfile/live/0015_1.m3u8?key=txiptv&playlive=1&authid=0
3,http://223.241.247.214:9901/tsfile/live/0017_1.m3u8?key=txiptv&playlive=1&authid=0
4,http://223.241.247.214:9901/tsfile/live/0018_1.m3u8?key=txiptv&playlive=1&authid=0
5,http://223.241.247.214:9901/tsfile/live/0112_1.m3u8?key=txiptv&playlive=1&authid=0
6,http://58.220.219.14:9901/tsfile/live/0112_1.m3u8
7,http://58.220.219.14:9901/tsfile/live/0113_1.m3u8
8,http://58.220.219.14:9901/tsfile/live/0114_1.m3u8
9,http://59.48.75.130:3052/tsfile/live/0118_1.m3u8
10,http://58.220.219.14:9901/tsfile/live/0119_1.m3u8
11,http://59.48.75.130:3052/tsfile/live/0120_1.m3u8
12,http://59.48.75.130:3052/tsfile/live/0121_1.m3u8
13,http://59.48.75.130:3052/tsfile/live/0122_1.m3u8
14,http://59.48.75.130:3052/tsfile/live/0123_1.m3u8
15,http://59.48.75.130:3052/tsfile/live/0124_1.m3u8
16,http://223.241.247.214:9901/tsfile/live/0139_1.m3u8?key=txiptv&playlive=1&authid=0
17,http://223.241.247.214:9901/tsfile/live/0141_1.m3u8?key=txiptv&playlive=1&authid=0
18,http://223.241.247.214:9901/tsfile/live/0143_1.m3u8?key=txiptv&playlive=1&authid=0
19,http://223.241.247.214:9901/tsfile/live/1003_1.m3u8?key=txiptv&playlive=1&authid=0
