移动央视1,#genre#
CCTV-1综合,http://ottrrs.hl.chinamobile.com/PLTV/88888889/224/3221226016/index.m3u8
CCTV-1综合,http://ottrrs.hl.chinamobile.com/PLTV/88888889/224/3221226559/index.m3u8
CCTV-1综合,http://ottrrs.hl.chinamobile.com/PLTV/88888889/224/3221226514/index.m3u8
CCTV-2财经,http://ottrrs.hl.chinamobile.com/PLTV/88888889/224/3221225588/index.m3u8
CCTV-3综艺,http://ottrrs.hl.chinamobile.com/PLTV/88888889/224/3221226021/index.m3u8
CCTV-4中文国际,http://ottrrs.hl.chinamobile.com/PLTV/88888889/224/3221226428/index.m3u8
CCTV-4中文国际,http://ottrrs.hl.chinamobile.com/PLTV/88888889/224/3221226007/index.m3u8
CCTV-5体育,http://ottrrs.hl.chinamobile.com/PLTV/88888889/224/3221226019/index.m3u8
CCTV-5+体育赛事,http://ottrrs.hl.chinamobile.com/PLTV/88888889/224/3221225603/index.m3u8
CCTV-6电影,http://ottrrs.hl.chinamobile.com/PLTV/88888889/224/3221226010/index.m3u8
CCTV-7国防军事,http://ottrrs.hl.chinamobile.com/PLTV/88888889/224/3221225733/index.m3u8
CCTV-8电视剧,http://ottrrs.hl.chinamobile.com/PLTV/88888889/224/3221226008/index.m3u8
CCTV-9纪录,http://ottrrs.hl.chinamobile.com/PLTV/88888889/224/3221225734/index.m3u8
CCTV-10科教,http://ottrrs.hl.chinamobile.com/PLTV/88888889/224/3221225730/index.m3u8
CCTV-10科教,http://ottrrs.hl.chinamobile.com/PLTV/88888889/224/3221226473/index.m3u8
CCTV-11戏曲,http://ottrrs.hl.chinamobile.com/PLTV/88888889/224/3221226565/index.m3u8
CCTV-11戏曲,http://ottrrs.hl.chinamobile.com/PLTV/88888889/224/3221225597/index.m3u8
CCTV-12社会与法,http://ottrrs.hl.chinamobile.com/PLTV/88888889/224/3221225731/index.m3u8
CCTV-12社会与法,http://ottrrs.hl.chinamobile.com/PLTV/88888889/224/3221226568/index.m3u8
CCTV-13新闻,http://ottrrs.hl.chinamobile.com/PLTV/88888889/224/3221226537/index.m3u8
CCTV-13新闻,http://ottrrs.hl.chinamobile.com/PLTV/88888889/224/3221226571/index.m3u8
CCTV-13新闻,http://ottrrs.hl.chinamobile.com/PLTV/88888889/224/3221226011/index.m3u8
CCTV-14少儿,http://ottrrs.hl.chinamobile.com/PLTV/88888889/224/3221225732/index.m3u8
CCTV-14少儿,http://ottrrs.hl.chinamobile.com/PLTV/88888889/224/3221226591/index.m3u8
CCTV-15音乐,http://ottrrs.hl.chinamobile.com/PLTV/88888889/224/3221226476/index.m3u8
CCTV-15音乐,http://ottrrs.hl.chinamobile.com/PLTV/88888889/224/3221225601/index.m3u8
CCTV-16奥林匹克,http://ottrrs.hl.chinamobile.com/PLTV/88888889/224/3221226100/index.m3u8
CCTV-17农业农村,http://ottrrs.hl.chinamobile.com/PLTV/88888889/224/3221225765/index.m3u8
CETV-1,http://ottrrs.hl.chinamobile.com/PLTV/88888889/224/3221225652/index.m3u8
CETV-2,http://ottrrs.hl.chinamobile.com/PLTV/88888889/224/3221226425/index.m3u8
CETV-4,http://ottrrs.hl.chinamobile.com/PLTV/88888889/224/3221225783/index.m3u8
CGTN,http://ottrrs.hl.chinamobile.com/PLTV/88888889/224/3221225604/index.m3u8
CGTN-纪录,http://ottrrs.hl.chinamobile.com/PLTV/88888889/224/3221225602/index.m3u8

移动央视2,#genre#
CCTV-1综合,http://ottrrs.hl.chinamobile.com/PLTV/88888891/224/3221226016/index.m3u8
CCTV-1综合,http://ottrrs.hl.chinamobile.com/PLTV/88888891/224/3221226559/index.m3u8
CCTV-1综合,http://ottrrs.hl.chinamobile.com/PLTV/88888891/224/3221226514/index.m3u8
CCTV-2财经,http://ottrrs.hl.chinamobile.com/PLTV/88888891/224/3221225588/index.m3u8
CCTV-3综艺,http://ottrrs.hl.chinamobile.com/PLTV/88888891/224/3221226021/index.m3u8
CCTV-4中文国际,http://ottrrs.hl.chinamobile.com/PLTV/88888891/224/3221226428/index.m3u8
CCTV-4中文国际,http://ottrrs.hl.chinamobile.com/PLTV/88888891/224/3221226007/index.m3u8
CCTV-5体育,http://ottrrs.hl.chinamobile.com/PLTV/88888891/224/3221226019/index.m3u8
CCTV-5+体育赛事,http://ottrrs.hl.chinamobile.com/PLTV/88888891/224/3221225603/index.m3u8
CCTV-6电影,http://ottrrs.hl.chinamobile.com/PLTV/88888891/224/3221226010/index.m3u8
CCTV-7国防军事,http://ottrrs.hl.chinamobile.com/PLTV/88888891/224/3221225733/index.m3u8
CCTV-8电视剧,http://ottrrs.hl.chinamobile.com/PLTV/88888891/224/3221226008/index.m3u8
CCTV-9纪录,http://ottrrs.hl.chinamobile.com/PLTV/88888891/224/3221225734/index.m3u8
CCTV-10科教,http://ottrrs.hl.chinamobile.com/PLTV/88888891/224/3221225730/index.m3u8
CCTV-10科教,http://ottrrs.hl.chinamobile.com/PLTV/88888891/224/3221226473/index.m3u8
CCTV-11戏曲,http://ottrrs.hl.chinamobile.com/PLTV/88888891/224/3221226565/index.m3u8
CCTV-11戏曲,http://ottrrs.hl.chinamobile.com/PLTV/88888891/224/3221225597/index.m3u8
CCTV-12社会与法,http://ottrrs.hl.chinamobile.com/PLTV/88888891/224/3221225731/index.m3u8
CCTV-12社会与法,http://ottrrs.hl.chinamobile.com/PLTV/88888891/224/3221226568/index.m3u8
CCTV-13新闻,http://ottrrs.hl.chinamobile.com/PLTV/88888891/224/3221226537/index.m3u8
CCTV-13新闻,http://ottrrs.hl.chinamobile.com/PLTV/88888891/224/3221226571/index.m3u8
CCTV-13新闻,http://ottrrs.hl.chinamobile.com/PLTV/88888891/224/3221226011/index.m3u8
CCTV-14少儿,http://ottrrs.hl.chinamobile.com/PLTV/88888891/224/3221225732/index.m3u8
CCTV-14少儿,http://ottrrs.hl.chinamobile.com/PLTV/88888891/224/3221226591/index.m3u8
CCTV-15音乐,http://ottrrs.hl.chinamobile.com/PLTV/88888891/224/3221226476/index.m3u8
CCTV-15音乐,http://ottrrs.hl.chinamobile.com/PLTV/88888891/224/3221225601/index.m3u8
CCTV-16奥林匹克,http://ottrrs.hl.chinamobile.com/PLTV/88888891/224/3221226100/index.m3u8
CCTV-17农业农村,http://ottrrs.hl.chinamobile.com/PLTV/88888891/224/3221225765/index.m3u8
CETV-1,http://ottrrs.hl.chinamobile.com/PLTV/88888891/224/3221225652/index.m3u8
CETV-2,http://ottrrs.hl.chinamobile.com/PLTV/88888891/224/3221226425/index.m3u8
CETV-4,http://ottrrs.hl.chinamobile.com/PLTV/88888891/224/3221225783/index.m3u8
CGTN,http://ottrrs.hl.chinamobile.com/PLTV/88888891/224/3221225604/index.m3u8
CGTN-纪录,http://ottrrs.hl.chinamobile.com/PLTV/88888891/224/3221225602/index.m3u8

移动央视3,#genre#
CCTV-1综合,http://ottrrs.hl.chinamobile.com/PLTV/88888892/224/3221226016/index.m3u8
CCTV-1综合,http://ottrrs.hl.chinamobile.com/PLTV/88888892/224/3221226559/index.m3u8
CCTV-1综合,http://ottrrs.hl.chinamobile.com/PLTV/88888892/224/3221226514/index.m3u8
CCTV-2财经,http://ottrrs.hl.chinamobile.com/PLTV/88888892/224/3221225588/index.m3u8
CCTV-3综艺,http://ottrrs.hl.chinamobile.com/PLTV/88888892/224/3221226021/index.m3u8
CCTV-4中文国际,http://ottrrs.hl.chinamobile.com/PLTV/88888892/224/3221226428/index.m3u8
CCTV-4中文国际,http://ottrrs.hl.chinamobile.com/PLTV/88888892/224/3221226007/index.m3u8
CCTV-5体育,http://ottrrs.hl.chinamobile.com/PLTV/88888892/224/3221226019/index.m3u8
CCTV-5+体育赛事,http://ottrrs.hl.chinamobile.com/PLTV/88888892/224/3221225603/index.m3u8
CCTV-6电影,http://ottrrs.hl.chinamobile.com/PLTV/88888892/224/3221226010/index.m3u8
CCTV-7国防军事,http://ottrrs.hl.chinamobile.com/PLTV/88888892/224/3221225733/index.m3u8
CCTV-8电视剧,http://ottrrs.hl.chinamobile.com/PLTV/88888892/224/3221226008/index.m3u8
CCTV-9纪录,http://ottrrs.hl.chinamobile.com/PLTV/88888892/224/3221225734/index.m3u8
CCTV-10科教,http://ottrrs.hl.chinamobile.com/PLTV/88888892/224/3221225730/index.m3u8
CCTV-10科教,http://ottrrs.hl.chinamobile.com/PLTV/88888892/224/3221226473/index.m3u8
CCTV-11戏曲,http://ottrrs.hl.chinamobile.com/PLTV/88888892/224/3221226565/index.m3u8
CCTV-11戏曲,http://ottrrs.hl.chinamobile.com/PLTV/88888892/224/3221225597/index.m3u8
CCTV-12社会与法,http://ottrrs.hl.chinamobile.com/PLTV/88888892/224/3221225731/index.m3u8
CCTV-12社会与法,http://ottrrs.hl.chinamobile.com/PLTV/88888892/224/3221226568/index.m3u8
CCTV-13新闻,http://ottrrs.hl.chinamobile.com/PLTV/88888892/224/3221226537/index.m3u8
CCTV-13新闻,http://ottrrs.hl.chinamobile.com/PLTV/88888892/224/3221226571/index.m3u8
CCTV-13新闻,http://ottrrs.hl.chinamobile.com/PLTV/88888892/224/3221226011/index.m3u8
CCTV-14少儿,http://ottrrs.hl.chinamobile.com/PLTV/88888892/224/3221225732/index.m3u8
CCTV-14少儿,http://ottrrs.hl.chinamobile.com/PLTV/88888892/224/3221226591/index.m3u8
CCTV-15音乐,http://ottrrs.hl.chinamobile.com/PLTV/88888892/224/3221226476/index.m3u8
CCTV-15音乐,http://ottrrs.hl.chinamobile.com/PLTV/88888892/224/3221225601/index.m3u8
CCTV-16奥林匹克,http://ottrrs.hl.chinamobile.com/PLTV/88888892/224/3221226100/index.m3u8
CCTV-17农业农村,http://ottrrs.hl.chinamobile.com/PLTV/88888892/224/3221225765/index.m3u8
CETV-1,http://ottrrs.hl.chinamobile.com/PLTV/88888892/224/3221225652/index.m3u8
CETV-2,http://ottrrs.hl.chinamobile.com/PLTV/88888892/224/3221226425/index.m3u8
CETV-4,http://ottrrs.hl.chinamobile.com/PLTV/88888892/224/3221225783/index.m3u8
CGTN,http://ottrrs.hl.chinamobile.com/PLTV/88888892/224/3221225604/index.m3u8
CGTN-纪录,http://ottrrs.hl.chinamobile.com/PLTV/88888892/224/3221225602/index.m3u8

移动央视4,#genre#
CCTV-1综合,http://ottrrs.hl.chinamobile.com/TVOD/88888889/224/3221226016/index.m3u8
CCTV-1综合,http://ottrrs.hl.chinamobile.com/TVOD/88888889/224/3221226514/index.m3u8
CCTV-1综合,http://ottrrs.hl.chinamobile.com/TVOD/88888889/224/3221226559/index.m3u8
CCTV-2财经,http://ottrrs.hl.chinamobile.com/TVOD/88888889/224/3221225588/index.m3u8
CCTV-3综艺,http://ottrrs.hl.chinamobile.com/TVOD/88888889/224/3221226021/index.m3u8
CCTV-4中文国际,http://ottrrs.hl.chinamobile.com/TVOD/88888889/224/3221226007/index.m3u8
CCTV-4中文国际,http://ottrrs.hl.chinamobile.com/TVOD/88888889/224/3221226428/index.m3u8
CCTV-5体育,http://ottrrs.hl.chinamobile.com/TVOD/88888889/224/3221226019/index.m3u8
CCTV-5+体育赛事,http://ottrrs.hl.chinamobile.com/TVOD/88888889/224/3221225603/index.m3u8
CCTV-6电影,http://ottrrs.hl.chinamobile.com/TVOD/88888889/224/3221226010/index.m3u8
CCTV-7国防军事,http://ottrrs.hl.chinamobile.com/TVOD/88888889/224/3221225733/index.m3u8
CCTV-8电视剧,http://ottrrs.hl.chinamobile.com/TVOD/88888889/224/3221226008/index.m3u8
CCTV-9纪录,http://ottrrs.hl.chinamobile.com/TVOD/88888889/224/3221225734/index.m3u8
CCTV-10科教,http://ottrrs.hl.chinamobile.com/TVOD/88888889/224/3221225730/index.m3u8
CCTV-10科教,http://ottrrs.hl.chinamobile.com/TVOD/88888889/224/3221226473/index.m3u8
CCTV-11戏曲,http://ottrrs.hl.chinamobile.com/TVOD/88888889/224/3221225597/index.m3u8
CCTV-11戏曲,http://ottrrs.hl.chinamobile.com/TVOD/88888889/224/3221226565/index.m3u8
CCTV-12社会与法,http://ottrrs.hl.chinamobile.com/TVOD/88888889/224/3221225731/index.m3u8
CCTV-12社会与法,http://ottrrs.hl.chinamobile.com/TVOD/88888889/224/3221226568/index.m3u8
CCTV-13新闻,http://ottrrs.hl.chinamobile.com/TVOD/88888889/224/3221226011/index.m3u8
CCTV-13新闻,http://ottrrs.hl.chinamobile.com/TVOD/88888889/224/3221226537/index.m3u8
CCTV-13新闻,http://ottrrs.hl.chinamobile.com/TVOD/88888889/224/3221226571/index.m3u8
CCTV-14少儿,http://ottrrs.hl.chinamobile.com/TVOD/88888889/224/3221225732/index.m3u8
CCTV-14少儿,http://ottrrs.hl.chinamobile.com/TVOD/88888889/224/3221226591/index.m3u8
CCTV-15音乐,http://ottrrs.hl.chinamobile.com/TVOD/88888889/224/3221225601/index.m3u8
CCTV-15音乐,http://ottrrs.hl.chinamobile.com/TVOD/88888889/224/3221226476/index.m3u8
CCTV-16奥林匹克,http://ottrrs.hl.chinamobile.com/TVOD/88888889/224/3221226100/index.m3u8
CCTV-17农业农村,http://ottrrs.hl.chinamobile.com/TVOD/88888889/224/3221225765/index.m3u8
CETV-1,http://ottrrs.hl.chinamobile.com/TVOD/88888889/224/3221225652/index.m3u8
CETV-2,http://ottrrs.hl.chinamobile.com/TVOD/88888889/224/3221226425/index.m3u8
CETV-4,http://ottrrs.hl.chinamobile.com/TVOD/88888889/224/3221225783/index.m3u8
CGTN,http://ottrrs.hl.chinamobile.com/TVOD/88888889/224/3221225604/index.m3u8
CGTN-纪录,http://ottrrs.hl.chinamobile.com/TVOD/88888889/224/3221225602/index.m3u8

移动央视5,#genre#
CCTV-1综合,http://ottrrs.hl.chinamobile.com/TVOD/88888891/224/3221226016/index.m3u8
CCTV-1综合,http://ottrrs.hl.chinamobile.com/TVOD/88888891/224/3221226514/index.m3u8
CCTV-1综合,http://ottrrs.hl.chinamobile.com/TVOD/88888891/224/3221226559/index.m3u8
CCTV-2财经,http://ottrrs.hl.chinamobile.com/TVOD/88888891/224/3221225588/index.m3u8
CCTV-3综艺,http://ottrrs.hl.chinamobile.com/TVOD/88888891/224/3221226021/index.m3u8
CCTV-4中文国际,http://ottrrs.hl.chinamobile.com/TVOD/88888891/224/3221226007/index.m3u8
CCTV-4中文国际,http://ottrrs.hl.chinamobile.com/TVOD/88888891/224/3221226428/index.m3u8
CCTV-5体育,http://ottrrs.hl.chinamobile.com/TVOD/88888891/224/3221226019/index.m3u8
CCTV-5+体育赛事,http://ottrrs.hl.chinamobile.com/TVOD/88888891/224/3221225603/index.m3u8
CCTV-6电影,http://ottrrs.hl.chinamobile.com/TVOD/88888891/224/3221226010/index.m3u8
CCTV-7国防军事,http://ottrrs.hl.chinamobile.com/TVOD/88888891/224/3221225733/index.m3u8
CCTV-8电视剧,http://ottrrs.hl.chinamobile.com/TVOD/88888891/224/3221226008/index.m3u8
CCTV-9纪录,http://ottrrs.hl.chinamobile.com/TVOD/88888891/224/3221225734/index.m3u8
CCTV-10科教,http://ottrrs.hl.chinamobile.com/TVOD/88888891/224/3221225730/index.m3u8
CCTV-10科教,http://ottrrs.hl.chinamobile.com/TVOD/88888891/224/3221226473/index.m3u8
CCTV-11戏曲,http://ottrrs.hl.chinamobile.com/TVOD/88888891/224/3221225597/index.m3u8
CCTV-11戏曲,http://ottrrs.hl.chinamobile.com/TVOD/88888891/224/3221226565/index.m3u8
CCTV-12社会与法,http://ottrrs.hl.chinamobile.com/TVOD/88888891/224/3221225731/index.m3u8
CCTV-12社会与法,http://ottrrs.hl.chinamobile.com/TVOD/88888891/224/3221226568/index.m3u8
CCTV-13新闻,http://ottrrs.hl.chinamobile.com/TVOD/88888891/224/3221226011/index.m3u8
CCTV-13新闻,http://ottrrs.hl.chinamobile.com/TVOD/88888891/224/3221226537/index.m3u8
CCTV-13新闻,http://ottrrs.hl.chinamobile.com/TVOD/88888891/224/3221226571/index.m3u8
CCTV-14少儿,http://ottrrs.hl.chinamobile.com/TVOD/88888891/224/3221225732/index.m3u8
CCTV-14少儿,http://ottrrs.hl.chinamobile.com/TVOD/88888891/224/3221226591/index.m3u8
CCTV-15音乐,http://ottrrs.hl.chinamobile.com/TVOD/88888891/224/3221225601/index.m3u8
CCTV-15音乐,http://ottrrs.hl.chinamobile.com/TVOD/88888891/224/3221226476/index.m3u8
CCTV-16奥林匹克,http://ottrrs.hl.chinamobile.com/TVOD/88888891/224/3221226100/index.m3u8
CCTV-17农业农村,http://ottrrs.hl.chinamobile.com/TVOD/88888891/224/3221225765/index.m3u8
CETV-1,http://ottrrs.hl.chinamobile.com/TVOD/88888891/224/3221225652/index.m3u8
CETV-2,http://ottrrs.hl.chinamobile.com/TVOD/88888891/224/3221226425/index.m3u8
CETV-4,http://ottrrs.hl.chinamobile.com/TVOD/88888891/224/3221225783/index.m3u8
CGTN,http://ottrrs.hl.chinamobile.com/TVOD/88888891/224/3221225604/index.m3u8
CGTN-纪录,http://ottrrs.hl.chinamobile.com/TVOD/88888891/224/3221225602/index.m3u8

移动央视6,#genre#
CCTV-1综合,http://ottrrs.hl.chinamobile.com/TVOD/88888892/224/3221226016/index.m3u8
CCTV-1综合,http://ottrrs.hl.chinamobile.com/TVOD/88888892/224/3221226514/index.m3u8
CCTV-1综合,http://ottrrs.hl.chinamobile.com/TVOD/88888892/224/3221226559/index.m3u8
CCTV-2财经,http://ottrrs.hl.chinamobile.com/TVOD/88888892/224/3221225588/index.m3u8
CCTV-3综艺,http://ottrrs.hl.chinamobile.com/TVOD/88888892/224/3221226021/index.m3u8
CCTV-4中文国际,http://ottrrs.hl.chinamobile.com/TVOD/88888892/224/3221226007/index.m3u8
CCTV-4中文国际,http://ottrrs.hl.chinamobile.com/TVOD/88888892/224/3221226428/index.m3u8
CCTV-5体育,http://ottrrs.hl.chinamobile.com/TVOD/88888892/224/3221226019/index.m3u8
CCTV-5+体育赛事,http://ottrrs.hl.chinamobile.com/TVOD/88888892/224/3221225603/index.m3u8
CCTV-6电影,http://ottrrs.hl.chinamobile.com/TVOD/88888892/224/3221226010/index.m3u8
CCTV-7国防军事,http://ottrrs.hl.chinamobile.com/TVOD/88888892/224/3221225733/index.m3u8
CCTV-8电视剧,http://ottrrs.hl.chinamobile.com/TVOD/88888892/224/3221226008/index.m3u8
CCTV-9纪录,http://ottrrs.hl.chinamobile.com/TVOD/88888892/224/3221225734/index.m3u8
CCTV-10科教,http://ottrrs.hl.chinamobile.com/TVOD/88888892/224/3221225730/index.m3u8
CCTV-10科教,http://ottrrs.hl.chinamobile.com/TVOD/88888892/224/3221226473/index.m3u8
CCTV-11戏曲,http://ottrrs.hl.chinamobile.com/TVOD/88888892/224/3221225597/index.m3u8
CCTV-11戏曲,http://ottrrs.hl.chinamobile.com/TVOD/88888892/224/3221226565/index.m3u8
CCTV-12社会与法,http://ottrrs.hl.chinamobile.com/TVOD/88888892/224/3221225731/index.m3u8
CCTV-12社会与法,http://ottrrs.hl.chinamobile.com/TVOD/88888892/224/3221226568/index.m3u8
CCTV-13新闻,http://ottrrs.hl.chinamobile.com/TVOD/88888892/224/3221226011/index.m3u8
CCTV-13新闻,http://ottrrs.hl.chinamobile.com/TVOD/88888892/224/3221226537/index.m3u8
CCTV-13新闻,http://ottrrs.hl.chinamobile.com/TVOD/88888892/224/3221226571/index.m3u8
CCTV-14少儿,http://ottrrs.hl.chinamobile.com/TVOD/88888892/224/3221225732/index.m3u8
CCTV-14少儿,http://ottrrs.hl.chinamobile.com/TVOD/88888892/224/3221226591/index.m3u8
CCTV-15音乐,http://ottrrs.hl.chinamobile.com/TVOD/88888892/224/3221225601/index.m3u8
CCTV-15音乐,http://ottrrs.hl.chinamobile.com/TVOD/88888892/224/3221226476/index.m3u8
CCTV-16奥林匹克,http://ottrrs.hl.chinamobile.com/TVOD/88888892/224/3221226100/index.m3u8
CCTV-17农业农村,http://ottrrs.hl.chinamobile.com/TVOD/88888892/224/3221225765/index.m3u8
CETV-1,http://ottrrs.hl.chinamobile.com/TVOD/88888892/224/3221225652/index.m3u8
CETV-2,http://ottrrs.hl.chinamobile.com/TVOD/88888892/224/3221226425/index.m3u8
CETV-4,http://ottrrs.hl.chinamobile.com/TVOD/88888892/224/3221225783/index.m3u8
CGTN,http://ottrrs.hl.chinamobile.com/TVOD/88888892/224/3221225604/index.m3u8
CGTN-纪录,http://ottrrs.hl.chinamobile.com/TVOD/88888892/224/3221225602/index.m3u8
